20.911999999999999 0 0 0 
21.02 -0.024407580498169629 0.024137316137591729 -2.101852813012409 
21.120000000000001 0.018533507311957503 -0.026562870690105208 -1.052464652776725 
21.231999999999999 0.12279283201926362 -0.19685340413722011 -1.3891063387191318 
21.332000000000001 0.29656865110255209 -0.47319762273339944 -1.0750387936919361 
21.440000000000001 0.39956981659814667 -0.62828064066905476 -0.56495284407628887 
21.552 0.27503756525174056 -0.43503874091210309 -0.22921695741775847 
21.652000000000001 0.086594855948332342 -0.13735992441459111 -0.06272926052803747 
21.771999999999998 0.0036259095847466891 -0.0057313995973237754 -0.0021317057034248815 
21.872 0.0028876462780720916 -0.0045490292989762557 0.0037552755504223025 
21.972000000000001 0.0016095518016689112 -0.0016765300270142058 0.0035722656334964803 
22.079999999999998 0.0007646434372530625 -0.00030883733461217023 0.0023816727880538158 
22.18 0.00014956088087140734 -0.00058735054820537285 0.0035907260424424517 
22.280000000000001 5.814743245812752e-05 0.00016912885149303534 0.0034453533066801825 
22.391999999999999 -0.00064254944190302629 -0.00018581591595594264 0.0040736384174732453 
22.492000000000001 0.00066248402777956572 0.00088599769872602129 0.0031091003523736381 
22.600000000000001 -0.00032735617379905734 0.00023797266194105682 0.0037664841034890789 
22.719999999999999 -0.0010862357359410666 9.4430387735748635e-05 0.0022188360072342766 
22.82 -6.2319164492785886e-05 0.00011278947763347221 0.0022027938217891122 
22.920000000000002 -0.00045197583771992351 0.00038765783873277872 0.0022951019741459405 
23.032 -0.00056753175072817973 0.0001720993665869343 0.0028276633196691599 
23.132000000000001 6.7275444774295135e-05 0.00017880875379093538 0.0030730516496890038 
23.239999999999998 -0.0002604763147460723 -0.00021662513735566069 0.0035589238640100717 
23.34 8.629359694174092e-05 3.6905825978734871e-05 0.0035511931847366195 
23.440000000000001 -0.00042001197660188457 0.00023049762296989312 0.0028865680098818366 
23.552 -0.00022889681766816373 -0.00020545659074913697 0.002859094481622707 
23.652000000000001 -0.001114948010071101 0.00091089123635987475 0.0034293158703270713 
23.771999999999998 6.7143700684566728e-05 -8.169914968607215e-05 0.0028298656449233925 
23.872 0.00030493946109551887 0.00042443485214732407 0.0023562014630091779 
23.972000000000001 0.00012738229545936967 0.00067254228056505409 0.002845616598188831 
24.079999999999998 -0.00060623765009457879 -0.00027515684836297046 0.002855111044431567 
24.18 -0.00083351084328542747 0.00018063265440253248 0.0029158036692871554 
24.280000000000001 0.00022404821451578287 -0.00074904310221848955 0.0035736882876142208 
24.391999999999999 0.00022625340051101733 -0.00046288200457043509 0.0041269524413689246 
24.492000000000001 5.6201200169050768e-05 0.00050260794494419263 0.0027509223602532207 
24.600000000000001 -0.00043132333589249595 0.00026878819343721894 0.0027890718580844838 
24.719999999999999 0.00082086608101789439 -0.00077742787426869782 0.0023442375899430296 
24.82 0.00030112125979710143 0.00035961910561341806 0.0027224938060063822 
24.920000000000002 -0.00067204478363289393 7.7501984033189028e-05 0.0018478153823647567 
25.032 -0.00031724011452030772 2.0452203892462379e-05 0.0021972426725930471 
25.132000000000001 0.00018374172773316208 -0.00050498372849718638 0.003279012813141859 
25.239999999999998 -0.001089496834863291 0.00096390181049206731 0.0025280824881557125 
25.34 0.00031074865726605252 -0.00024937306275901836 0.0027040456018927288 
25.440000000000001 0.00027078841184993973 0.00029670199891812873 0.0034348324430788228 
25.552 -0.00068819263133982592 0.00069630050033619214 0.004076401518455273 
25.652000000000001 0.0093763160428305785 -0.04058638366442302 -0.0022796769640808508 
25.771999999999998 0.14783236759475937 -0.081120924613703085 0.00060115140297532419 
25.872 0.33343072102304533 -0.22108741204221835 -0.018449871169158409 
25.972000000000001 0.55336857540703421 -0.57725420128297711 -0.050332049992439974 
26.079999999999998 0.78110765551769312 -1.0537533640360051 -0.086012593853523986 
26.18 0.99681537231011497 -1.432457805642988 -0.15396620497194938 
26.280000000000001 1.3301936819050859 -1.6571524724444997 -0.26463099066185503 
26.391999999999999 1.840333349725046 -1.6786594604849736 -0.35692718445074179 
26.492000000000001 1.8850503336549593 -1.8685684593366534 -0.31208297661102291 
26.600000000000001 1.2471649252526971 -2.4586595093219632 -0.34042598716856909 
26.719999999999999 1.2388662000017669 -2.3945519400439377 -0.058870411005831139 
26.82 1.1595258515193569 -2.509860021098794 0.1120780349813881 
26.920000000000002 1.3901826338090768 -2.4446516207607396 0.20877880830453169 
27.032 1.487699260212427 -2.3161567126805509 0.18098143915596668 
27.132000000000001 1.0880854930648627 -2.6059945853019251 -0.0098842165244346879 
27.239999999999998 0.94898074486367212 -2.7379398647748405 0.053401935783335741 
27.34 0.95829918427678551 -2.7873873270112335 0.17931836828751149 
27.440000000000001 1.5019745493728471 -2.6463299438092069 0.15961714484450551 
27.552 1.4599996269084503 -2.4591455243126612 0.13519294964803844 
27.652000000000001 0.94203681856448451 -2.6740675362794839 0.003054840758302077 
27.771999999999998 1.2761245236889609 -2.865357969961702 -0.2898558277768844 
27.872 1.8695224654782365 -2.7583567319948772 -0.21467481938760413 
27.972000000000001 1.7152247455835286 -2.8790155489809632 -0.27566856123541095 
28.079999999999998 0.81434188118995754 -3.1193596775356838 -0.35899054696012511 
28.18 0.52440680755089863 -3.0553806743146406 -0.3088094743884674 
28.280000000000001 1.0796033826997651 -2.9279466653161403 -0.27857246192547014 
28.391999999999999 1.8989265853940118 -2.7798341012187504 -0.22009824393426539 
28.492000000000001 1.8068421296194617 -2.8177741726425913 -0.26946301967581282 
28.600000000000001 0.75148819097603659 -3.0707872741795237 -0.38997530655789991 
28.719999999999999 0.39450839860876891 -2.7586512592699473 0.04795703678896894 
28.82 0.29160443659299135 -2.7462754523308521 0.25282110729810958 
28.920000000000002 0.86969178606133379 -2.7913521963812693 0.20333427334040441 
29.032 1.4811314121266173 -2.6882580582120679 0.15066594360971711 
29.132000000000001 1.1700408558445534 -2.5723110162854228 0.083056691749221076 
29.239999999999998 0.30607078215348343 -2.7096003101329447 0.012649134925693591 
29.34 -0.090755824973142454 -2.7583262811805929 0.15369739152607886 
29.440000000000001 0.19053687322975271 -2.7351998350374158 0.28591838446368162 
29.552 0.9562588888352761 -2.8047699047015588 0.18387612823332708 
29.652000000000001 1.1493009147117277 -2.6733323040991599 0.1071544468531532 
29.771999999999998 -0.0985210223602829 -3.0250340555772732 -0.27860843949223307 
29.872 -0.17452360249964891 -3.0117567126350595 -0.25999465445195291 
29.972000000000001 0.49381200830964794 -3.0231535457935159 -0.17541737854411435 
30.079999999999998 1.0304770975514295 -2.9910676714839313 -0.16978113754355703 
30.18 0.49801543557780459 -3.0382830410800166 -0.35994340300624011 
30.280000000000001 -0.4309820497372493 -2.9824886964407744 -0.336376875915812 
30.391999999999999 -0.86068868996531978 -2.9550815512031314 -0.34820032114770461 
30.492000000000001 -0.39409612336328176 -3.0185541843342905 -0.24452957263814706 
30.600000000000001 0.53200335166001189 -3.0168602457646969 -0.086679473063345003 
30.719999999999999 0.63299656637926283 -2.7613613305851317 0.15452650522833422 
30.82 0.24309715498574555 -2.7704888480984842 0.061745341047796463 
30.920000000000002 -0.43601182323039694 -2.8497996020982961 0.045936632392776358 
31.032 -0.67737597064431543 -2.7789315283452884 0.20347947820410481 
31.132000000000001 -0.38147537299470591 -2.8145711781252696 0.18252709931514857 
31.239999999999998 0.040257599849828282 -2.8778708130526693 0.15924179645071171 
31.34 0.12869347041958151 -2.8608497026836868 0.10416214643753662 
31.440000000000001 -0.30066804485132104 -2.8920558379544938 0.065949646394180675 
31.552 -0.72126933429870466 -2.840995793911278 0.12905937914326751 
31.652000000000001 -0.82156804833956487 -2.7846814017453081 0.15965002332542796 
31.771999999999998 -0.62862177600674674 -3.0590293154429369 -0.30237473655181529 
31.872 -1.3614533090792211 -2.9058362168786265 -0.380232345872627 
31.972000000000001 -1.7858847640075777 -2.8848393198332531 -0.44984275370514515 
32.072000000000003 -1.7196862527192367 -3.0092496822427455 -0.43465492823412111 
32.18 -1.4449743890219209 -3.1000167848460909 -0.36866439381571309 
32.280000000000001 -1.6591294401004919 -3.0002519205066003 -0.43442154794048876 
32.380000000000003 -2.1296328235389068 -2.8524740059301421 -0.42792066856662364 
32.491999999999997 -2.0606360308804099 -2.9356579912158196 -0.2178348019053695 
32.591999999999999 -1.5171953355126169 -3.1168202821709774 -0.092182998917022627 
32.692 -1.5249215856980918 -3.0393586964096388 -0.23453050286851351 
32.792000000000002 -2.3051692052130544 -2.7017769653397439 -0.5655557787553096 
32.892000000000003 -2.7762618889012427 -2.6405019516691834 -0.63650212693589214 
33 -2.6205375003368196 -2.8286347936192926 -0.45487341544963111 
33.100000000000001 -1.7965808694468575 -3.0723025358259477 -0.082795492476512786 
33.200000000000003 -1.3766718782464034 -2.9949528539137584 -0.021168698274940521 
33.32 -1.4894637018314603 -2.7930113468000588 0.20202497473659747 
33.420000000000002 -2.0150173797576532 -2.8291847894227233 0.074696853446555883 
33.520000000000003 -2.4142310396313551 -2.6344960474632408 0.14441600174363228 
33.631999999999998 -2.1965255176883196 -2.4425982328772609 0.24246451213737533 
33.731999999999999 -1.6744815874262113 -2.6675232246466196 0.16471113481584784 
33.832000000000001 -1.4694374004922224 -2.848128834402146 0.19683962019833259 
33.932000000000002 -1.662861979016296 -2.9103638932017728 0.1905687148471808 
34.039999999999999 -1.8855264150385256 -2.7953236719380743 0.25500135894156439 
34.140000000000001 -1.8892834499920657 -2.6701388721069148 0.2103825713749555 
34.240000000000002 -1.6407408891718054 -2.7913789616875717 0.14360829148007145 
34.340000000000003 -1.4054074080507142 -2.9614622889382267 0.22561919442670453 
34.451999999999998 -1.4066209270683101 -2.9973880617625728 0.26263592220471804 
34.552 -1.6069384938269304 -2.8839901512667789 0.24976822285000128 
34.652000000000001 -1.7173197235844329 -2.7645055371840952 0.18372388174601356 
34.752000000000002 -1.5038718274010305 -2.7581881577750469 0.23832491251099791 
34.872 -1.6527994062941398 -2.9501954494457281 -0.27887105888176106 
34.972000000000001 -1.8486349165255862 -2.9100407816398306 -0.31076634856550794 
35.072000000000003 -1.5860856197257012 -3.0366147698918367 -0.25071329890833882 
35.18 -1.2078241967855154 -3.1735708102892994 -0.21571647294313989 
35.280000000000001 -1.2224133221161841 -3.1343101335190173 -0.2264234903947791 
35.380000000000003 -1.5016191455978971 -3.0118304726424565 -0.26571324306934468 
35.491999999999997 -1.5198350805529497 -3.013687300308221 -0.2415817247705131 
35.591999999999999 -1.3566950288073185 -3.0726246758046796 -0.26692829939178436 
35.692 -1.0823560650074722 -3.1200394568755345 -0.24808840852437355 
35.792000000000002 -0.96308877069577481 -3.0871260136922207 -0.20002009061969156 
35.892000000000003 -1.0312434353663196 -3.0057419366506091 -0.17621225010823147 
36 -1.096017002721366 -2.9754394150185552 -0.18183439464460452 
36.100000000000001 -1.11363648377432 -3.0025052387129056 -0.22820651534828959 
36.200000000000003 -0.88105634711860559 -3.0693866606783433 -0.21050754833639271 
36.32 -0.87882501918465183 -2.8213792006678413 0.18900465982568324 
36.420000000000002 -0.6139700915599583 -2.9022780629819942 0.19614407234608652 
36.520000000000003 -0.54592869917012266 -2.9368939363049087 0.1991790558914171 
36.631999999999998 -0.63161679046892483 -2.9505792002548299 0.16292495822945721 
36.731999999999999 -0.69863015992083677 -2.9325952779844666 0.19177203251579558 
36.832000000000001 -0.69011384994168001 -2.9284473357794596 0.19355500004209858 
36.932000000000002 -0.35936515625728055 -2.9466397406958196 0.19811195079259475 
37.039999999999999 -0.29679290596243896 -2.9329830311027569 0.15441630633424142 
37.140000000000001 -0.42132210086340671 -2.9369776683849169 0.13210286541662833 
37.240000000000002 -0.65959184242317614 -2.9190252753055148 0.13421675111008427 
37.340000000000003 -0.7381499824144393 -2.9171111209041087 0.14952770197863585 
37.451999999999998 -0.61321470090016827 -2.9602692901119037 0.17112458757669272 
37.552 -0.4644870340133862 -3.015754221068657 0.17742227989859866 
37.652000000000001 -0.514473347765246 -3.0395560916070177 0.16484207346396437 
37.752000000000002 -0.74382305629864187 -3.0183374148770259 0.15516518586020181 
37.872 -0.60392819775933249 -3.3027146871090372 -0.3151917151491862 
37.972000000000001 -0.71164504652751726 -3.2688701211462394 -0.29175507607435297 
38.072000000000003 -0.84083289161991415 -3.2208019179123371 -0.27876962517723797 
38.18 -0.9866261332952232 -3.2059989910296984 -0.29879105027585717 
38.280000000000001 -0.79541983576701625 -3.2500813979213747 -0.24946943182687906 
38.380000000000003 -0.58067289036585457 -3.287402916809655 -0.24259881771159991 
38.491999999999997 -0.67475000198833568 -3.2633519446530617 -0.25864923108898252 
38.591999999999999 -0.77191146964641555 -3.1859358380331253 -0.23914217913056249 
38.692 -0.77473948006001392 -3.1880944059816647 -0.2672642790298167 
38.792000000000002 -0.65837330817984285 -3.2039172839906138 -0.24789385265137909 
38.892000000000003 -0.46810575928707521 -3.2423782085105448 -0.24273192678489808 
39 -0.1857822727051312 -3.2607853598926679 -0.19411878530371998 
39.100000000000001 -0.10380670571749485 -3.2434629314342107 -0.18527521537491295 
39.200000000000003 -0.43242990690561173 -3.2294931865420429 -0.25331206851221644 
39.32 0.032346608704280605 -3.0202314866222002 0.18296113129587716 
39.420000000000002 -0.25689338630235603 -2.9953692845939384 0.17149979564211149 
39.520000000000003 -0.32727491945728915 -2.9789853897731793 0.16119183437279233 
39.631999999999998 0.004965728339976736 -2.9752779940688101 0.16503132271070864 
39.731999999999999 0.25989493298031835 -2.9604927597259527 0.16018088066471464 
39.832000000000001 0.24715090204518392 -2.9589442872478351 0.15541939472153563 
39.932000000000002 -0.01412090606500776 -2.9816642378049529 0.14718601982352988 
40.039999999999999 -0.22054281070515494 -2.9872881999183067 0.15448198488107115 
40.140000000000001 -0.23159156693999339 -3.0016262617327887 0.1518531695739114 
40.240000000000002 -0.14735049187426075 -3.0149726846911706 0.14519669003414443 
40.340000000000003 -0.16029602153455907 -3.0253339091987512 0.13960682289103385 
40.451999999999998 -0.26107096508297123 -3.0232724922546317 0.14146164438201533 
40.552 -0.45090943541142087 -2.9837315493737453 0.1788916172025258 
40.652000000000001 -0.46888386600209941 -2.9958868369972542 0.15721734199323814 
40.752000000000002 -0.26069260352602175 -3.0415320061474649 0.14592402522514986 
40.872 -0.35071587640535223 -3.2557010030192535 -0.26363777007073524 
40.972000000000001 -0.39184103365032963 -3.2657919294804576 -0.29956568383295862 
41.072000000000003 -0.62952697933992985 -3.2409921028165591 -0.29556522230634608 
41.18 -0.29949007670602423 -3.2603320296865177 -0.22777934065308117 
41.280000000000001 -0.46361097186832156 -3.2184240032293197 -0.25684994805356059 
41.380000000000003 -1.4488786848449471 -2.9853540616901824 -0.35716354910763626 
41.491999999999997 -1.3609234112347177 -3.0664204767586907 -0.31548939808428211 
41.591999999999999 -0.57711029143812265 -3.2628662851815795 -0.26164067573607908 
41.692 -0.38170684269050553 -3.3022789125848719 -0.28916094007358617 
41.792000000000002 -0.97698323913371943 -3.2073660432242708 -0.34141239334284457 
41.892000000000003 -1.1890923698142519 -3.1407926448224011 -0.2779492611814679 
42 -0.88191685016834398 -3.2346016050394621 -0.25501747750977632 
42.100000000000001 -0.67727263495258927 -3.3117442317485151 -0.29688324208178324 
42.200000000000003 -0.70687268655029534 -3.3096879341773282 -0.29204028706716051 
42.32 -0.74559101127646488 -3.0104111847781536 0.20958682204579226 
42.420000000000002 -0.67501338230140673 -3.0721402665260023 0.15118009560707915 
42.520000000000003 -0.91379647017226917 -3.0415584883075417 0.16483021608177972 
42.631999999999998 -1.3543885028758456 -2.8295321760095895 0.21614521257664049 
42.731999999999999 -1.3218408663567478 -2.7922986585357781 0.22571422118841278 
42.832000000000001 -0.83604790421988562 -2.9641663668503271 0.22357692544607838 
42.932000000000002 -0.4360263037401958 -3.047474717700998 0.22500752402330854 
43.039999999999999 -0.56047503306393309 -3.0541529054111738 0.17629971943964884 
43.140000000000001 -1.0596017848559971 -2.9365912182467389 0.18177750952704438 
43.240000000000002 -1.3010508339979159 -2.8132661744295775 0.1774788088155555 
43.340000000000003 -0.97656364425870446 -2.9219681990581603 0.18130034315535493 
43.451999999999998 -0.60994133111791071 -2.9868236527501222 0.21176402171090539 
43.552 -0.55541338741705015 -2.9958884797008998 0.20943873214243139 
43.652000000000001 -0.70675787873792828 -2.9475068105698834 0.22743764945992156 
43.752000000000002 -0.77587072540522928 -2.9301998046185611 0.20472523785570759 
43.872 -0.56281568593086417 -3.2119749431350457 -0.23476312948432129 
43.972000000000001 -0.75835502771937313 -3.1878024271008769 -0.27128459675902505 
44.072000000000003 -0.88502260455573223 -3.1893440077053778 -0.31066584967620131 
44.18 -0.70287649950981357 -3.2554053207964015 -0.30581270321648407 
44.280000000000001 -0.20848804458582157 -3.3075061233445195 -0.24569143312035682 
44.380000000000003 0.02360019557791489 -3.2824539524221312 -0.20026526213503415 
44.491999999999997 -0.21889985110886939 -3.2372913625967441 -0.23132015024240762 
44.591999999999999 -0.54392675963528281 -3.1687059046361874 -0.26790279691693619 
44.692 -0.64150932208304945 -3.1325908104815405 -0.27613782169712009 
44.792000000000002 -0.1335592715879029 -3.1405200502243078 -0.24908670803656219 
44.892000000000003 0.59204730839017139 -3.1015993428826683 -0.22942223693535102 
45 0.67956457208843013 -3.0957913941070285 -0.23378126699963483 
45.100000000000001 0.32402574283395214 -3.14487876395052 -0.30072499185076934 
45.200000000000003 0.17672637077453157 -3.1526444358105286 -0.31588511843273093 
45.32 0.46203355180897493 -2.9037702344069913 0.12812101655871169 
45.420000000000002 0.45599861019727844 -2.9144129928229106 0.13439047740133428 
45.520000000000003 0.71343347428621895 -2.9029054169942405 0.13017531905946811 
45.631999999999998 0.97861265809663811 -2.8723807521879938 0.115357630514385 
45.731999999999999 0.99429356779056965 -2.9223431072373951 0.11331924488519805 
45.832000000000001 0.95313439359353058 -2.9749511499621875 0.13758396150781679 
45.932000000000002 1.1949983876969037 -2.9102413358693124 0.12712116223159614 
46.039999999999999 1.4197214487702361 -2.8356701427382616 0.086611171622861513 
46.140000000000001 1.4615084489474595 -2.8195814361177503 0.07728412477344776 
46.240000000000002 1.4735654852742273 -2.8438981828193461 0.062256341450871153 
46.340000000000003 1.5728542093975744 -2.8467397364133187 0.063477375369927203 
46.451999999999998 1.8878137262156403 -2.7106200659296573 0.065723574082444169 
46.552 2.1183888793319872 -2.5505056608696908 0.069797342853792618 
46.652000000000001 2.1436170516845539 -2.5320585685927064 0.060666104580423173 
46.752000000000002 2.0479848757290835 -2.641609751219697 0.066513295511762285 
46.872 2.3181378671249755 -2.7914729476719313 -0.51811595899291518 
46.972000000000001 2.3079340080262312 -2.8508905625495844 -0.52845808878474432 
47.072000000000003 2.1426952186247195 -2.9873903349369577 -0.49421251925912146 
47.18 1.966650017043708 -3.1280132669589946 -0.42706261914019245 
47.280000000000001 2.2262558696909713 -2.9738274857513214 -0.44556142517160185 
47.380000000000003 2.5506966113987724 -2.794844309998505 -0.50685793971736071 
47.491999999999997 2.7124356835205687 -2.7448025061233463 -0.57374479720666915 
47.591999999999999 2.2345123410153915 -3.1639652216185659 -0.49857857269035349 
47.692 1.8846416194647051 -3.3167514033740866 -0.44655843941597617 
47.792000000000002 2.1503462005490017 -3.0888563090279537 -0.48485924589933377 
47.892000000000003 2.5408929419889148 -2.7884385137204997 -0.52776928199410689 
48 2.6338647017048209 -2.7800087106758116 -0.53447603015392653 
48.100000000000001 2.2426306327106595 -3.1200530811326699 -0.46261892291368983 
48.200000000000003 2.0196697755113497 -3.2788491616815709 -0.43574400670330771 
48.32 2.1088602890753525 -2.8264864384443933 0.22181401766982833 
48.420000000000002 2.0290999667065774 -2.8837717887413632 0.249408704204166 
48.520000000000003 1.9730661072991973 -2.9740160003991698 0.25152493578444574 
48.631999999999998 2.0551353161531005 -2.9465948719027759 0.22397410981912316 
48.731999999999999 2.1676718283957475 -2.8907798547104671 0.1869536953742863 
48.832000000000001 2.1129047788947437 -2.9587869703529188 0.19135557577477394 
48.932000000000002 1.9917434357617296 -3.1181537201813394 0.22338959235522668 
49.039999999999999 1.9629018291034264 -3.1109553122102609 0.30186916638046601 
49.140000000000001 2.2862820399305224 -2.7654356613714275 0.22306652255003123 
49.240000000000002 2.0768233160847798 -2.9664545820136703 0.12905245471650059 
49.340000000000003 1.8121161474816334 -3.2820943651736605 0.18915285871498738 
49.451999999999998 2.2082129595222604 -3.1475758645344221 0.17043853583594298 
49.552 2.6794900379583173 -2.4471568920708671 0.19986268340887389 
49.652000000000001 2.3944944763463405 -2.4891103569655697 0.11900924996528697 
49.752000000000002 1.6762589287694649 -3.0577061197994304 0.29391130911412322 
49.872 2.3427921456151166 -3.0852421356279609 -0.36603840513724317 
49.972000000000001 2.0899447155272308 -3.3581056352919512 -0.41952136596012163 
50.072000000000003 1.5421058718633147 -3.6312293733593597 -0.43342100152904856 
50.18 1.263527150723021 -3.6200263654525693 -0.31008263545554587 
50.280000000000001 1.4469047263656369 -3.4351579205073146 -0.26159980757835105 
50.380000000000003 1.712632630950206 -3.3210784492258729 -0.28845570764389239 
50.491999999999997 1.8240838698011654 -3.3545718873532286 -0.36302066913320885 
50.591999999999999 1.6073955486276188 -3.5082397932210885 -0.43828520702406132 
50.692 1.3428739666621254 -3.6077637466192627 -0.41185390480322731 
50.792000000000002 1.4896137259115878 -3.5142415863736289 -0.39473063932171171 
50.892000000000003 2.1275272057286663 -3.2662814149817136 -0.52192514609334884 
51 2.34477734623075 -3.2127043730301876 -0.50409208935491756 
51.100000000000001 1.7858263840752613 -3.526092165720073 -0.44800457812242511 
51.200000000000003 1.6632350174516795 -3.5511297015603751 -0.44888137048577725 
51.32 1.802912150013418 -3.2069200796560637 0.23502399515024563 
51.420000000000002 1.8083348755134476 -3.159659178619425 0.34199369243202676 
51.520000000000003 2.0629434208398267 -2.9824950039048943 0.21382370489373759 
51.631999999999998 2.1645459059740744 -2.9983982195923558 0.0077645604178145401 
51.731999999999999 2.2404200326296486 -3.1323186490455268 0.0068127357953865148 
51.832000000000001 2.5832129630661362 -2.8626273295699991 0.13680474557584027 
51.932000000000002 2.7680780818717965 -2.3334801109326402 0.195529209001855 
52.039999999999999 2.2847050568261023 -2.6515467847740157 0.10072277064347847 
52.140000000000001 2.1594142687325295 -2.8983461728139144 0.12445626885336808 
52.240000000000002 2.3605323389619319 -3.0829172474831896 0.1386856595780937 
52.340000000000003 3.0954495426522386 -2.5767171191475651 0.098510583528906723 
52.451999999999998 3.0036258097208739 -2.1689278904124687 0.097742020687032763 
52.552 2.4784983625678541 -2.5872777416318655 0.01719919706100358 
52.652000000000001 2.5603999804293984 -2.7213274349561467 0.069023490061702469 
52.752000000000002 2.8511122907607991 -2.837302901606614 0.16442339293881952 
52.872 3.1142235051797176 -2.9786395950474729 -0.5577110904964292 
52.972000000000001 2.6189713496548488 -3.1554927620737883 -0.58891325711104847 
53.072000000000003 2.7490594043173551 -2.8887389641043528 -0.67998608309262998 
53.18 3.190666422921308 -2.6357957092510182 -0.59560610516500423 
53.280000000000001 3.2072523828754633 -2.7602111720823146 -0.409696911019443 
53.380000000000003 2.8252514857560129 -3.1089441547160979 -0.54840425864982256 
53.491999999999997 2.7229351873487193 -3.1175741884023656 -0.73033231102747576 
53.591999999999999 2.7751159821481095 -3.0055171467030424 -0.5868233353808624 
53.692 2.8143278062437651 -2.9501370617285505 -0.43047342651334491 
53.792000000000002 2.8708107808153893 -2.9979901889769138 -0.51225422898571693 
53.892000000000003 2.7280090485179054 -3.1640358160696764 -0.56645994262530974 
54 2.5322105557081529 -3.2874532567013866 -0.55550221917321407 
54.100000000000001 2.6249808168236708 -3.1914178635057975 -0.56351041665357549 
54.200000000000003 2.8641167984906328 -3.0300096830124508 -0.5937387829493177 
54.32 2.7409227312166982 -2.882488255380991 0.14365021322722221 
54.420000000000002 2.9499295331229396 -2.6947291441344468 0.06911767969391748 
54.520000000000003 2.8735177007219415 -2.6823030396301974 0.11067518888046056 
54.631999999999998 2.6294570656323515 -2.8247893161336521 0.19831141397969645 
54.731999999999999 2.438945455874419 -2.9799178993368476 0.29393877033660354 
54.832000000000001 2.4456952367106592 -3.007321104226869 0.2955477145868689 
54.932000000000002 2.6104224988098625 -2.8796428678614205 0.20870078026394581 
55.039999999999999 2.6176598508305728 -2.8153959500726131 0.15538216538465585 
55.140000000000001 2.4531143374536248 -2.9106271463621862 0.19458904746161917 
55.240000000000002 2.2591751528196355 -3.0487359460365835 0.27438324697666971 
55.340000000000003 2.2309762709961469 -3.0909566013587151 0.29107001503111418 
55.451999999999998 2.386869571017844 -2.969485995518772 0.22878180668789222 
55.552 2.4775663465908568 -2.8681336943012119 0.17002204436360324 
55.652000000000001 2.3572548021164432 -2.9354551395394344 0.19587645769108086 
55.752000000000002 2.147425647119575 -3.0809848857966315 0.27174223860474311 
55.872 2.5093044105018101 -3.2041516232280278 -0.51769470706582732 
55.972000000000001 2.5309579840488445 -3.2405393313890158 -0.59276372407716338 
56.072000000000003 2.3891651511022594 -3.3682707614847631 -0.54074180434386487 
56.18 2.2361486578315013 -3.4511027211057463 -0.47681044230774272 
56.280000000000001 2.4841080520724814 -3.2831523344804343 -0.54261359814677967 
56.380000000000003 2.4706800152618364 -3.2708968982696218 -0.44719638119693417 
56.491999999999997 2.2354661259263038 -3.4075880655220723 -0.39564973467297632 
56.591999999999999 2.6398664490576751 -3.1759197079004622 -0.63294423584210446 
56.692 2.9710966818830249 -2.9500814014632888 -0.69729793520860639 
56.792000000000002 2.3098455999975163 -3.4034013996663033 -0.38927434313793841 
56.892000000000003 1.6078190144837687 -3.6546676154611082 -0.19943148149883277 
57 2.4703077685895258 -3.1022926959050863 -0.53927457259735956 
57.100000000000001 3.60948523144322 -2.138902824619823 -0.9691031141140396 
57.200000000000003 3.4207409922884366 -2.605558840415267 -0.75766006086204596 
57.32 3.0373952307204362 -2.0742431278608628 0.15227121476960656 
57.420000000000002 2.2555662682811555 -2.7613866638522002 0.12288254415300921 
57.520000000000003 1.9944945209050211 -3.0275638058282652 0.27790807390183997 
57.631999999999998 2.2515206516508357 -3.1163551945295578 0.32395829801210219 
57.731999999999999 2.6684288163801431 -2.7714943828684069 0.30230621350358478 
57.832000000000001 2.561435864349316 -2.607435745499322 0.10489666270590563 
57.932000000000002 2.1896876716337532 -2.8597498249159532 0.046055757419659581 
58.039999999999999 1.9814781448263359 -3.0328626448646667 0.30853162314817434 
58.140000000000001 1.8376563732728013 -3.0666410580260965 0.44082631218461005 
58.240000000000002 1.8551427595333851 -2.8631506433713816 0.36230337144738234 
58.340000000000003 1.5211345294497762 -2.9350989735760744 0.1643449308983054 
58.451999999999998 0.96313221294858009 -3.0780275786756817 0.26674904290087759 
58.552 0.54250695177268426 -3.1331225710700155 0.37207840175374318 
58.652000000000001 0.58720118848024172 -3.0776391470025737 0.27517010014686177 
58.752000000000002 0.57071812429946567 -2.9279605342557895 0.1221652465797809 
58.872 -0.79370330863165062 -3.0396419725841262 -0.33731081223891735 
58.972000000000001 -1.0550237934575468 -2.9763652015438673 -0.39630369956730233 
59.072000000000003 -0.9647855676534971 -3.0038982375403482 -0.39372863397344415 
59.18 -1.1599664147973097 -2.9360428474163043 -0.39624684997519316 
59.280000000000001 -1.8123855452329236 -2.7522531569957192 -0.41871586305123937 
59.380000000000003 -2.2791276580427757 -2.6670665067309152 -0.37491291457010151 
59.491999999999997 -2.5043132646953223 -2.716802909280446 -0.46005050954949139 
59.591999999999999 -2.4388885790741885 -2.895187623604226 -0.61501588973569343 
59.692 -2.5195968774245707 -2.8462461972429454 -0.58461736032936129 
59.792000000000002 -2.8912484269690051 -2.5796137282206373 -0.56006111007486892 
59.892000000000003 -3.155020755339887 -2.4647510903529719 -0.50779240064375675 
60 -3.2711402072244775 -2.5180993079395342 -0.53464993470734734 
60.100000000000001 -3.1307444019057806 -2.7590065811648943 -0.54537159217538023 
60.200000000000003 -3.1303181265797022 -2.7721787514777083 -0.53876246499043678 
60.32 -3.1869561184328878 -2.3042348475086452 0.21288387779346876 
60.420000000000002 -3.3381695656812798 -2.2723385111568488 0.19689470649593221 
60.520000000000003 -3.5930949485264945 -2.0778981900831912 0.10071721140604427 
60.631999999999998 -3.7007146111176716 -1.9483981579461329 0.060146677428716724 
60.731999999999999 -3.668042106440196 -2.0182177464586117 0.11516746910188516 
60.832000000000001 -3.6230182034335154 -2.1592454182054928 0.20684728369136299 
60.932000000000002 -3.6577713703145425 -2.2095791872785351 0.26261376651589519 
61.039999999999999 -3.8030000471525378 -1.990858033933244 0.24482722054240377 
61.140000000000001 -3.8782432351679574 -1.7959372843487531 0.19366820556428782 
61.240000000000002 -3.7936123277528391 -1.8929285583953988 0.23319764804439824 
61.340000000000003 -3.6267420143683129 -2.1099824477592821 0.36906107885830802 
61.451999999999998 -3.5836394741842121 -2.0863713546133988 0.42099319886606729 
61.552 -3.7124735152615593 -1.8695592984213967 0.3197798313178718 
61.652000000000001 -3.6747280069852626 -1.9241106956108431 0.31068494049241185 
61.752000000000002 -3.6495685404904989 -1.8373639623157976 0.33430889996649304 
61.872 -3.7616241885045718 -2.2131562101903208 -0.44700100420186206 
61.972000000000001 -3.804435007926299 -2.0981235610382112 -0.4672806518518719 
62.072000000000003 -3.7579669694233044 -2.1559689329672111 -0.45074716920658309 
62.18 -3.6544968978449117 -2.3021077717685325 -0.41225694846114169 
62.280000000000001 -3.6705041324291576 -2.2266378040808115 -0.44307894769617173 
62.380000000000003 -3.658309827343706 -2.2101598573096291 -0.43651642563493664 
62.491999999999997 -3.7422134164415413 -2.1137419237883193 -0.49433834089886003 
62.591999999999999 -3.7247190270439514 -2.2067659488952924 -0.50499225028521288 
62.692 -3.6962911151732945 -2.3380069960797245 -0.52537577641528233 
62.792000000000002 -3.7900262251894468 -2.2243019243111748 -0.58767408157221834 
62.892000000000003 -3.7978959243708128 -2.1955797586381713 -0.55094944741843799 
63 -3.7633372887807472 -2.2235593946519474 -0.49514312542443156 
63.100000000000001 -3.7606692763551708 -2.2066926796439854 -0.50105334500991405 
63.200000000000003 -3.7567144250427789 -2.2512610864826463 -0.52639107555170261 
63.32 -3.5823695180270687 -1.8745202031478512 0.3133317116081239 
63.420000000000002 -3.6042640472512182 -1.7896569656009673 0.28879640182005356 
63.520000000000003 -3.5677570696806242 -1.8300464751936205 0.29072558614505434 
63.631999999999998 -3.5119508042132006 -1.8760975380826652 0.31009206489305835 
63.731999999999999 -3.541855899583541 -1.8105352858628332 0.27710512323267539 
63.832000000000001 -3.6175708702246872 -1.7977464990582033 0.1720859365872055 
63.932000000000002 -3.5904717266642985 -1.9450837909393415 0.21129845237420425 
64.040000000000006 -3.8309801848652434 -1.5434619510385568 0.058735099019921855 
64.152000000000001 -3.7799829401710925 -1.0922453110415766 0.10096697547864419 
64.272000000000006 -3.0323827896660109 -2.5059451301601339 -0.098305996953632666 
64.379999999999995 -3.4181304433276543 -1.7829772699299318 -0.72434950297137179 
64.480000000000004 -3.6894414750718569 -1.6458061871413208 -0.90657673096245528 
64.591999999999999 -3.1753653486014972 -2.392952817903951 -0.2562117222167572 
64.700000000000003 -1.9872034127404727 -3.0739126735065341 0.1327646178028922 
64.819999999999993 -1.9097485912223802 -2.7414407565043324 0.16999501431908171 
64.920000000000002 -1.4919781865793724 -3.0337181366608017 0.36016402079841092 
65.031999999999996 -1.324802515283086 -3.0360541856437231 0.46999776068558835 
65.132000000000005 -1.2210449222710433 -2.847993838354137 0.51552033573678446 
65.239999999999995 -0.57398064092171763 -2.9871444454408822 0.3244714267744444 
65.340000000000003 -0.0048732525542831721 -3.0962992156862299 0.27908405492595634 
65.451999999999998 0.37906503898994154 -3.0323097083127397 0.20088864647308943 
65.552000000000007 0.80523552821974265 -2.9320169227319077 0.17686592003573845 
65.671999999999997 1.9294204034705742 -2.8756110171572007 -0.21062585602290673 
65.772000000000006 1.9560077007948176 -2.9706153298954421 -0.33421631808737912 
65.879999999999995 1.7240102056354425 -3.1194578111979911 -0.51014698777373313 
65.980000000000004 2.061638445662993 -2.9801915705474147 -0.60033399325270387 
66.091999999999999 2.6764641656575834 -2.7370367127269857 -0.52240175332461058 
66.200000000000003 2.9159079209690102 -2.7177412613102812 -0.47335721692162813 
66.319999999999993 3.0552155550645526 -2.359229702772196 -0.074990478329391708 
66.420000000000002 3.007477686380847 -2.4231931685800916 -0.1177363472114422 
66.531999999999996 2.9486324788188578 -2.5521214234117084 -0.046418390205418499 
66.632000000000005 2.9497210381043373 -2.5803643744023752 0.13030053429880817 
66.739999999999995 3.0913279308685113 -2.4202353905311824 0.099954296005716509 
66.840000000000003 3.3094441231883138 -2.3304781381606019 -0.15530279094811697 
66.951999999999998 3.4343811937677708 -2.3206545921312212 -0.15880612210506506 
67.052000000000007 3.4088059685201708 -2.2266031758178495 0.019768645211928577 
67.171999999999997 3.2174535401938087 -2.7878050654454074 -0.68125428510034125 
67.272000000000006 3.0667513811006279 -2.8068147768913052 -0.57360387897617104 
67.379999999999995 3.0428196256289737 -2.7522184661331304 -0.57451484368603289 
67.480000000000004 3.185916780274999 -2.6004084282378699 -0.65968635951374344 
67.591999999999999 2.8399680305666513 -2.8630833940965474 -0.48483919779269952 
67.700000000000003 2.3693639240744102 -3.1300532046213845 -0.41767582971985612 
67.819999999999993 2.2291899238988062 -2.8707344318546864 0.17072361644469364 
67.920000000000002 1.9632430695257761 -3.0125882521611707 0.30883279908205602 
68.031999999999996 2.105036235271915 -2.8524278666289526 0.25350434129950505 
68.132000000000005 2.1688260238872124 -2.8379200727787408 0.11297065227279585 
68.239999999999995 1.8360439505806099 -2.9926969910747516 0.21518123138377809 
68.340000000000003 1.6956677680028058 -3.0218198047427882 0.23752372303806929 
68.451999999999998 1.528102915604292 -3.0978085440497569 0.2356843145206588 
68.552000000000007 1.4630978554251233 -3.1103620286906315 0.24020710325479275 
68.671999999999997 1.5702368029162135 -3.3322535501994306 -0.37073219176707795 
68.772000000000006 1.4564521412513476 -3.3579179117785238 -0.36482128702697614 
68.879999999999995 1.4741956326003516 -3.3364882423668374 -0.36949517977773044 
68.980000000000004 1.5043839498882179 -3.3223483719781481 -0.37565010145123329 
69.091999999999999 1.6871332763953046 -3.2817593421591367 -0.41703104961807108 
69.200000000000003 1.8854699183035903 -3.2302676703436877 -0.44564395280989577 
69.319999999999993 1.8019082948590726 -2.973021288829786 0.15047664972051022 
69.420000000000002 1.7149822781537198 -2.9673930759521543 0.15984445621494947 
69.531999999999996 1.337088264565603 -3.1206849831760923 0.19078120097244167 
69.632000000000005 0.95670738563437629 -3.2437681374268714 0.26224113636912461 
69.739999999999995 0.93871097500303136 -3.2463722035662235 0.26546368057295522 
69.840000000000003 1.217118050893224 -3.1566830056619275 0.21080545933706332 
69.951999999999998 1.3210701452032589 -3.0802814334413786 0.16999659385177371 
70.052000000000007 1.0954362758621583 -3.1479774988804134 0.18799325790267965 
70.171999999999997 1.2647682088954533 -3.3588183686636564 -0.35625823279475027 
70.272000000000006 1.4154369318029902 -3.3266776971200898 -0.37884205047841474 
70.379999999999995 1.1469707823674473 -3.4253136385296812 -0.35948741565637693 
70.480000000000004 0.48673548757691415 -3.5675853887077866 -0.32237243796996135 
70.591999999999999 0.62720794637172927 -3.5187432267625498 -0.30959507512892459 
70.700000000000003 1.0543838346496535 -3.4136414724815225 -0.33122722733059995 
70.819999999999993 0.56061067034201262 -3.2748083884776111 0.23552892656751678 
70.920000000000002 0.96379793478608633 -3.1870298752520911 0.18720350545710576 
71.031999999999996 1.0144363553230487 -3.1386545027813875 0.17123275256565362 
71.132000000000005 0.68414770373148182 -3.2152938895117535 0.19970361143245532 
71.239999999999995 0.36101599697719378 -3.2515115547142193 0.2368307008392794 
71.340000000000003 0.38594556622591825 -3.2524158964573546 0.22919745508274653 
71.451999999999998 0.6743620568989992 -3.1999384761888923 0.1942479879684702 
71.552000000000007 0.79320964003761918 -3.1629144727123801 0.17760325389036072 
71.671999999999997 0.65996766960109765 -3.4504335295427602 -0.32314518926193619 
71.772000000000006 0.99228662028959647 -3.3742028809357181 -0.3342613863232578 
71.879999999999995 0.66346635093860362 -3.4636632712281825 -0.33399164195698688 
71.980000000000004 0.33391168856286052 -3.5090914853905293 -0.32816879819545131 
72.091999999999999 0.52435997844352533 -3.4932987393717156 -0.32742970284249068 
72.200000000000003 1.2998142016328527 -3.3210310716320017 -0.35864004947833517 
72.319999999999993 0.93288310781932804 -3.1571751125393477 0.19106749826795735 
72.420000000000002 1.218563606340759 -3.0330607524743964 0.1387216987362126 
72.531999999999996 0.58685005467339657 -3.2131868173690101 0.20191255621008888 
72.632000000000005 0.13618252742854617 -3.2643690010227111 0.25874054037199723 
72.739999999999995 0.54072945575739673 -3.2620480906812594 0.21769045796982572 
72.840000000000003 1.1425426947037143 -3.1827104717441075 0.1343334005558473 
72.951999999999998 1.4271802650122476 -3.0259471174051935 0.15214003749783203 
73.052000000000007 1.2669078230268283 -3.0752813215944315 0.16206248619747649 
73.171999999999997 1.0316119263712644 -3.4282748930577407 -0.32296582598568174 
73.272000000000006 1.4393722714364969 -3.3376210387706555 -0.39195729054530731 
73.379999999999995 1.5424630320793056 -3.3407161852096987 -0.40908579667258471 
73.480000000000004 0.54998037717227066 -3.6066770123751373 -0.35876749405289421 
73.591999999999999 0.12361895128934056 -3.606391938473958 -0.2651612737516808 
73.700000000000003 1.0564071639873567 -3.415889273668586 -0.3131504129104562 
73.819999999999993 0.88852674552287325 -3.3183791473644977 0.17316737816596581 
73.920000000000002 1.4877395368043458 -3.0181385914840373 0.16093511799136728 
74.031999999999996 1.3240222730410438 -2.7486155124121967 0.1295395798554051 
74.132000000000005 0.45617425404458789 -2.9546592780248622 0.11797861210363156 
74.239999999999995 -0.091562689940056591 -2.8976065820105421 0.28575769146803548 
74.340000000000003 -0.18417762175388422 -2.8790326010283716 0.21565292362420357 
74.451999999999998 -0.14227633806171422 -2.9203056464040751 0.12377046115052873 
74.552000000000007 -0.17707584829655632 -2.9448638177016577 0.079275710386936232 
74.671999999999997 -0.67272827102384347 -3.0933103424422681 -0.25770992546476351 
74.772000000000006 -0.95419695361635237 -3.0309078756582388 -0.36327696888416733 
74.879999999999995 -1.391783904292728 -2.9825855505540644 -0.44443159302508523 
74.980000000000004 -1.7034835224829192 -2.9234831175416813 -0.35062680707019578 
75.091999999999999 -1.5507947521098542 -2.9794828669919062 -0.20170401906967275 
75.200000000000003 -1.4254827557729566 -2.9912283558270714 -0.19376249344751043 
75.319999999999993 -1.6605935783525776 -2.74375258110924 0.07797315035314617 
75.420000000000002 -2.0903657834058516 -2.675491877948005 0.085143521781521236 
75.531999999999996 -2.5082486719822392 -2.325631761228435 0.22508657196220383 
75.632000000000005 -2.3667150209667196 -2.2332592581269477 0.26009578222499447 
75.739999999999995 -1.9949987590361027 -2.5481007623554657 0.14398037805901817 
75.840000000000003 -1.8260444152347586 -2.7852296270249699 0.1935628246066603 
75.951999999999998 -1.9145324648256705 -2.814324944633011 0.26485830641544739 
76.052000000000007 -2.16718570109163 -2.6395728897444628 0.25857399557860855 
76.171999999999997 -1.8940404782666314 -3.1319962354102437 -0.36973613508566228 
76.272000000000006 -2.0207301639941395 -2.9789686652487024 -0.35183634667925445 
76.379999999999995 -2.4588736690237605 -2.2830617507238995 -0.43197269505962277 
76.480000000000004 -2.2396539322956683 -2.0906471109252176 -0.38270261314638643 
76.591999999999999 -1.9280485251447006 -1.8216896894002625 -0.27772303396116477 
76.700000000000003 -1.6540904462144215 -1.5019451899067118 -0.1369124887352593 
76.819999999999993 -1.3887733675029517 -1.1073237837987806 0.15156037241452594 
76.920000000000002 -1.3786776029823757 -0.96470373617500438 0.15400977364696933 
77.031999999999996 -1.3688346149907982 -0.8618192995556867 0.14420226381878523 
77.132000000000005 -1.2708370427529347 -0.81632212896914091 0.11323785680614865 
77.239999999999995 -1.1077948060322766 -0.79255595189296624 0.074194063570175037 
77.340000000000003 -1.0023517277984615 -0.75615152620576775 0.033002554017586845 
77.451999999999998 -0.97563512479726167 -0.67187082535751064 -0.0058000855065514717 
77.552000000000007 -0.97018476894083083 -0.57450112431008049 -0.0081279406520149457 
77.671999999999997 -0.95641416879398589 -0.52644218599738057 -0.0132862381374992 
77.772000000000006 -0.85293268246979814 -0.48302074094617431 0.019746527508139242 
77.879999999999995 -0.80075421510437228 -0.45931057696738731 0.028945275651635904 
77.980000000000004 -0.79982470987273191 -0.44723537979310429 0.0076790168047201606 
78.091999999999999 -0.78732659311734954 -0.4378635333360234 -0.016245810056527313 
78.200000000000003 -0.722742757667727 -0.41073733958764286 -0.025079288856619482 
78.319999999999993 -0.58978217912312891 -0.33498146997812495 0.0066257606158114171 
78.420000000000002 -0.56008057758865037 -0.29919907521958777 0.01386211619584303 
78.531999999999996 -0.56190425188980375 -0.26549520064347765 0.01618044849664118 
78.632000000000005 -0.54884371639567531 -0.24979755353736433 0.022339225347202493 
78.739999999999995 -0.50209331194480522 -0.24528625878496685 0.027518175040633957 
78.840000000000003 -0.45484795405408429 -0.24379744015610444 0.02353206890656814 
78.951999999999998 -0.43091287089811359 -0.23697176804405626 0.012622727494944077 
79.052000000000007 -0.43096764093826634 -0.22423494231857574 -0.00036086476150377916 
79.171999999999997 -0.45185777317332798 -0.2165730478246661 -0.011027230168405693 
79.272000000000006 -0.41654655989217254 -0.19673635993021313 -0.0040922749231814106 
79.379999999999995 -0.37912042042014732 -0.1793360614796054 0.0047685684369763066 
79.480000000000004 -0.36581774412289386 -0.17135186457319332 0.0071895940061189947 
79.591999999999999 -0.36614466013333785 -0.17033359491342923 0.0059713440230138711 
79.700000000000003 -0.35531367587227919 -0.1693269812772725 0.0046185952212289072 
79.819999999999993 -0.29984169796181376 -0.14963518994143998 0.0035125935755897461 
79.920000000000002 -0.27716696264181073 -0.14194035028547877 0.0013058834883382165 
80.031999999999996 -0.26853475027014773 -0.13008375957696244 0.0018549289629887934 
80.132000000000005 -0.26895415742440315 -0.11861065804650663 0.0035647568410882352 
80.239999999999995 -0.25666907017365331 -0.11312588037873486 0.0079183454478975197 
80.340000000000003 -0.23829483584283628 -0.10824419120523041 0.008981213872127327 
80.451999999999998 -0.21978549321809557 -0.10663599593620694 0.0093943361413753642 
80.552000000000007 -0.21444422818698075 -0.10352021595735139 0.0064858462780528247 
80.671999999999997 -0.22971342191137969 -0.10806560706817081 -0.00029261141448135524 
80.772000000000006 -0.2211611185377779 -0.10226628989298436 9.8208054317542115e-05 
80.879999999999995 -0.20406022981607042 -0.094019076467063659 0.0005418363861442267 
80.980000000000004 -0.19135733822559386 -0.08830700147090495 0.0022688930789350054 
81.091999999999999 -0.18651959639115306 -0.082979078993038205 0.0024879521456382609 
81.200000000000003 -0.18608194049531204 -0.081503550406037267 0.003358488929932007 
81.319999999999993 -0.16328704398970068 -0.074418977929761126 0.004256014861843618 
81.420000000000002 -0.15228428149279091 -0.072275087431726323 0.0032791208204883781 
81.531999999999996 -0.14240290058813079 -0.069242098252412523 0.0020732139422813948 
81.632000000000005 -0.14036771478852625 -0.066452930228679333 0.0016288453457460892 
81.739999999999995 -0.13882260426221182 -0.060648192132992447 0.0034709911417839618 
81.840000000000003 -0.13192161503612487 -0.056992490942406042 0.0038248515149849793 
81.951999999999998 -0.12322642648924159 -0.056254100879555305 0.0048237853546645075 
82.052000000000007 -0.11550112888447316 -0.053055261013931876 0.0041503651692937679 
82.171999999999997 -0.12301278575511136 -0.056610583122328854 0.0015746679410724022 
82.272000000000006 -0.12062481414859712 -0.055327482288302497 0.00098568816162306213 
82.379999999999995 -0.11592478884338882 -0.05246030421473831 0.0013466934716972407 
82.480000000000004 -0.10921064259197724 -0.050257499679485514 0.0018947018256722352 
82.591999999999999 -0.10265723297739771 -0.046346302563672982 0.0021012321407804561 
82.700000000000003 -0.10139547220849338 -0.045193079669331483 0.0024955476611233508 
82.819999999999993 -0.091007568256937954 -0.040826059678925233 0.0019961895938857659 
82.920000000000002 -0.086851152757133773 -0.038751064769893061 0.0027793683564125479 
83.031999999999996 -0.082511460736971437 -0.037545246545195476 0.0026201771282343203 
83.132000000000005 -0.077055390150834846 -0.035459204944187882 0.0028873540558928814 
83.239999999999995 -0.076551533566796268 -0.034720753990504956 0.0028294894683713471 
83.340000000000003 -0.075904796864259425 -0.033446414921195759 0.0023523589841313039 
83.451999999999998 -0.070481359604205845 -0.031183939801489782 0.0031395987553060173 
83.552000000000007 -0.066941649211128676 -0.030778730070123047 0.0043024230175448879 
83.671999999999997 -0.068496736014582713 -0.031383990230749739 0.001992906785589508 
83.772000000000006 -0.067924298971067207 -0.030039520612464416 0.0026851584351391235 
83.879999999999995 -0.065511849621887872 -0.02846332947498809 0.0027048844966577478 
83.980000000000004 -0.061896982267594193 -0.027421468449509583 0.0028083763245566858 
84.091999999999999 -0.05916570135561678 -0.026036067194278392 0.0026801101850335005 
84.200000000000003 -0.057809534284917939 -0.02587224331873654 0.002644789583673199 
84.319999999999993 -0.051246259879375478 -0.023183246034574428 0.0013602845908461106 
84.420000000000002 -0.050766698822741568 -0.021378282885310185 0.0030416511943206943 
84.531999999999996 -0.047692235836996721 -0.020915207894811716 0.0030408681603995729 
84.632000000000005 -0.04460436456259901 -0.020595117050014974 0.0023817449641326659 
84.739999999999995 -0.043276942065543306 -0.018879286053705476 0.0022806664166443026 
84.840000000000003 -0.042074971394330925 -0.018887813529271692 0.0013045549304298608 
84.951999999999998 -0.042447553207305318 -0.01830715888762988 0.0028512443556768011 
85.052000000000007 -0.040137693805840896 -0.017174350180910378 0.0029612672154400591 
85.171999999999997 -0.039611150926838132 -0.017781474549489321 0.0020528685805471123 
85.272000000000006 -0.037568613352278762 -0.017440051738522953 0.0020223778129306999 
85.379999999999995 -0.037822014667277318 -0.016600218495847155 0.002449226647383541 
85.480000000000004 -0.037034219011756624 -0.016249665320708588 0.0024391736255197556 
85.591999999999999 -0.034789679543794673 -0.014942505060715818 0.0032385981399904252 
85.700000000000003 -0.033478059536293181 -0.015094726254024944 0.002191652106722659 
85.819999999999993 -0.029256902909129707 -0.01324261898611938 0.0021569131509902063 
85.920000000000002 -0.02946275504120914 -0.012519641678232893 0.0018024567849811281 
86.031999999999996 -0.027542316721141123 -0.012449630278064026 0.0025963423747906293 
86.132000000000005 -0.026430276412974567 -0.011167850576504977 0.0022122833791119283 
86.239999999999995 -0.024447863281558187 -0.011599803194625722 0.0028770571305217849 
86.340000000000003 -0.024746191809809921 -0.011186109748538847 0.0025489973880081047 
86.451999999999998 -0.023764931347801468 -0.010904932261144354 0.002737771839498544 
86.552000000000007 -0.022814188826424268 -0.010019350955214595 0.0023389580495864104 
86.671999999999997 -0.023176993789480686 -0.010329215875959316 0.0020627823738340765 
86.772000000000006 -0.022624746332146336 -0.0093014735626963576 0.0015840166985548311 
86.879999999999995 -0.021808834745940978 -0.0097066828026648212 0.002476757339875998 
86.980000000000004 -0.021647233828957071 -0.0098180237360049553 0.0027457899028645928 
87.091999999999999 -0.020446914683173615 -0.008378056911438678 0.0026823488461277128 
87.200000000000003 -0.019204432398395213 -0.0087933467970722871 0.0035047722076017172 
87.319999999999993 -0.017661369349592941 -0.0071178890517133485 0.0012742613608740351 
87.420000000000002 -0.016696307115189987 -0.0073086157153929906 0.0010079775520061662 
87.531999999999996 -0.0162522410723373 -0.0070909589044571876 0.0023318784009942594 
87.632000000000005 -0.015642624040874419 -0.0081863634596022836 0.0021320438349215001 
87.739999999999995 -0.015126882975499373 -0.0069198157772941658 0.0022995807687674666 
87.840000000000003 -0.013368933036622703 -0.0058740219961927664 0.0026725050566718212 
87.951999999999998 -0.013672035847364074 -0.0059988795296636154 0.0030645294605535648 
88.052000000000007 -0.013170588883978679 -0.0057969496907347637 0.0025523442372991471 
