20.911999999999999 0 0 0 
21.02 -0.011373164823751749 0.02680169962378785 -2.1019314707200718 
21.120000000000001 -0.013662717385259629 0.031163570497514444 -1.0524129818490977 
21.231999999999999 -0.088459091400969928 0.14044356627218485 -1.3985336450821115 
21.332000000000001 -0.22730303799101004 0.35736862938099551 -1.1349882618663267 
21.440000000000001 -0.38134175532093828 0.6017135034851635 -0.60504846349531172 
21.552 -0.29818901798311148 0.46928694591764591 -0.091092556816702461 
21.652000000000001 -0.092000188626343515 0.14444856484907281 0.03117619996166051 
21.771999999999998 -0.0036949255032034086 0.0058073636811285688 0.001778309159809141 
21.872 -0.0028047676941165473 0.0044147934208580708 -0.003972044849066529 
21.972000000000001 -0.00076855056807694942 0.0020650754586763495 -0.0036479151668147602 
22.079999999999998 8.561477224138653e-05 0.00075751774612867282 -0.0024023451729122433 
22.18 -0.00040880398138012464 0.00029060046275463687 -0.0036068120704152527 
22.280000000000001 0.00023360236049374921 -0.00010652515555563573 -0.0034404254720261699 
22.391999999999999 -0.0003792204524846596 -0.00060523259291318397 -0.0040659331835532272 
22.492000000000001 0.001130104753517693 0.00014316471910046113 -0.0030972163501477145 
22.600000000000001 0.00013417943957040842 -0.00048754745331850818 -0.0037542627655707335 
22.719999999999999 -0.00034324476856506547 -0.0010772307791504017 -0.0021985939316905324 
22.82 0.0001098859406432202 -0.00015924902751107174 -0.0021980606436415562 
22.920000000000002 0.00019337780457724034 -0.00063210964556191681 -0.0022770806420121955 
23.032 -4.212239961745544e-05 -0.00066032663099995469 -0.0028123984023088475 
23.132000000000001 0.00023566901585954408 -9.5651569772402676e-05 -0.0030684614857811134 
23.239999999999998 -0.00025474876434740634 -0.00023592520571238043 -0.0035581112679160956 
23.34 0.00012337012484105956 -2.9949274652998262e-05 -0.0035501640121871291 
23.440000000000001 7.2985478774270656e-05 -0.00055189387181596656 -0.0028726121152179711 
23.552 -0.0002411792093355135 -0.00019397574294963892 -0.0028588867446608882 
23.652000000000001 0.00039848249483005342 -0.0014834023040505304 -0.0033872951677950164 
23.771999999999998 -4.1179771829895664e-06 2.1072822745244442e-05 -0.0028317594485274033 
23.872 0.00054838396804575797 3.4528305557054287e-05 -0.0023500853543313915 
23.972000000000001 0.00070573115059943572 -0.00024358183532505333 -0.0028299619475896172 
24.079999999999998 -0.00046311001175377344 -0.0005038473599430879 -0.0028507124391141552 
24.18 -0.00014680416057727888 -0.00090890211121393276 -0.0028951036268512753 
24.280000000000001 -0.00052583038502436192 0.00042360926515499196 -0.0035953537718978203 
24.391999999999999 -0.00026008530171634555 0.00029241802944854269 -0.0041405354891129089 
24.492000000000001 0.00052080762156570752 -0.00023506100501567083 -0.0027380381477625066 
24.600000000000001 0.00010178649262194842 -0.00057813162458420365 -0.0027735558543412974 
24.719999999999999 -0.00031692416178323807 0.0010118035784956664 -0.0023768629945747602 
24.82 0.00049540682461581714 5.0651422036453819e-05 -0.0027173477785401123 
24.920000000000002 -0.00018694472377820008 -0.00068837633423676531 -0.0018339198806805411 
25.032 -8.2280869877515253e-05 -0.00035244602318613321 -0.0021904215585957982 
25.132000000000001 -0.00032934097903621583 0.00029731419863716495 -0.003292997631964229 
25.239999999999998 0.00044723030816562882 -0.0014589779545503341 -0.0024856949732340074 
25.34 -5.181643330906479e-05 0.00031692684654513611 -0.0027143114597842273 
25.440000000000001 0.00043578154855274771 3.1077915240209711e-05 -0.0034305336257361456 
25.552 0.00039746790948728256 -0.0010250735409259061 -0.0040455823216052336 
25.652000000000001 -0.032747608034887056 0.025820177692333357 0.0011310881844830195 
25.771999999999998 0.017787030283822738 0.16744013167465557 -0.0090993714244400527 
25.872 0.12261054889847092 0.38109961771607909 -0.011217036467200809 
25.972000000000001 0.38625813301158762 0.70161120543064837 -0.022778926661650309 
26.079999999999998 0.7206163885995599 1.0985548545397308 -0.042576285369670057 
26.18 0.95420873833135045 1.4688641116955552 -0.034723893210123966 
26.280000000000001 1.2507975739586765 1.7379547451225437 -0.024856436046494509 
26.391999999999999 1.6458264027842728 1.902714911260639 -0.055252653786489615 
26.492000000000001 1.7668252503716053 2.0050301907328967 -0.023261574102882439 
26.600000000000001 1.6510318133251844 2.233463983186931 0.045270006566156734 
26.719999999999999 1.5809018808425996 2.1844401457117391 0.033236626155585626 
26.82 1.7950893184725878 2.1056336645969558 -0.02049929263728997 
26.920000000000002 1.9161813510350256 2.0685580416016189 -0.042831664692921899 
27.032 1.7009322825837925 2.1718510193643223 -0.021858810607704653 
27.132000000000001 1.5005796819472472 2.3923144698429555 0.018100057584830884 
27.239999999999998 1.6631544234304951 2.3735245220367323 -0.0054434460192000957 
27.34 2.0380450264414276 2.1363835961646034 -0.047519625522794574 
27.440000000000001 2.2428968505861082 2.0623180811849684 -0.026929557029098706 
27.552 1.8614345713496003 2.1753578571946717 0.012340327397458451 
27.652000000000001 1.4629947976622579 2.4282937386566017 0.033401032638004195 
27.771999999999998 1.8033536839986366 2.5824625501567415 -0.039864323976683151 
27.872 2.2432517083225911 2.4725144040669651 -0.065005251615020784 
27.972000000000001 2.283841755923119 2.4677949566177202 -0.027829854185608887 
28.079999999999998 1.7854603225275028 2.7081860529613624 0.017071887060114081 
28.18 1.266394581823123 2.8461302652671168 0.0387831472775279 
28.280000000000001 1.4104551239238063 2.7975274680851903 -0.021775309913569092 
28.391999999999999 1.9826683142197929 2.7281867585601796 -0.088692785521174392 
28.492000000000001 2.0298928933102647 2.6748562633110575 -0.042648571679726334 
28.600000000000001 1.4094899426416203 2.8564231994839724 0.027098546199537308 
28.719999999999999 0.57417303563714195 2.7272785444948529 0.019250717060585266 
28.82 0.74417317090384916 2.6712067282922458 -0.042911842704642295 
28.920000000000002 1.3360561798799517 2.6079908896738426 -0.051895252988865583 
29.032 1.5792757201412717 2.6359277646781933 -0.030901347300577135 
29.132000000000001 1.0393679848582495 2.6291387808702593 0.0046309684584336114 
29.239999999999998 0.24915563438844149 2.7152505474157067 0.033303146790578789 
29.34 0.06448392891287108 2.7633044564208866 -0.014617982639803278 
29.440000000000001 0.58220045602819803 2.693431163905204 -0.076439221136880592 
29.552 1.1683063846592439 2.728530338345323 -0.071819883206255403 
29.652000000000001 1.0062942184570109 2.7324787967080955 -0.0034420369576223524 
29.771999999999998 0.15099944885357666 3.0353582557489642 0.044266437715372767 
29.872 -0.20034512858021439 3.0213540312701657 0.00398138883743739 
29.972000000000001 0.19641336721769737 3.0612676974910493 -0.064348979526108283 
30.079999999999998 0.74775516779886941 3.0778408617719912 -0.070372844738803772 
30.18 0.60188407636260333 3.0407805743035516 -0.011468335327665757 
30.280000000000001 -0.11999285519452214 3.0292997996279678 0.055481464650814834 
30.391999999999999 -0.76501185788935422 3.0013817638921898 0.031619987456658616 
30.492000000000001 -0.52221164708076451 3.0085949214202548 -0.049268900576791043 
30.600000000000001 0.26079398482510385 3.0510093430508833 -0.12375429608180771 
30.719999999999999 0.5346978809969265 2.7863197853379091 -0.014132296656888857 
30.82 0.026225747032822596 2.7813794775410918 0.041923542874380687 
30.920000000000002 -0.50665274628262402 2.8381384007398687 0.042984523283302073 
31.032 -0.45643894669735935 2.8306159865459941 -0.044487835821337793 
31.132000000000001 -0.093470459931035518 2.8439558295195595 -0.061879170819498924 
31.239999999999998 0.10599505919497772 2.8805456511824481 -0.018461841270125925 
31.34 -0.042168330473717298 2.864880978893019 0.050513286435206112 
31.440000000000001 -0.39573044492356385 2.8808743573523983 0.05194180407826253 
31.552 -0.55482757460714016 2.8809435158832071 -0.021764597680088416 
31.652000000000001 -0.44344112744608505 2.8732561624884578 -0.051688378170968094 
31.771999999999998 -0.3594189155704815 3.1168217301290024 -0.022282662312223579 
31.872 -0.68967054899979641 3.1569189319029367 0.015272858579316278 
31.972000000000001 -1.1438104276388181 3.22562823693803 0.032572646870849702 
32.072000000000003 -1.2239535618112332 3.2716417282252022 -0.011289161749604032 
32.18 -1.0009201201102997 3.2904556562446277 -0.070915259080096757 
32.280000000000001 -0.90440590806335008 3.3351356835224535 -0.043175140787854178 
32.380000000000003 -0.93808117854119288 3.4603947980794296 0.02704736733116371 
32.491999999999997 -0.82840457124973843 3.4961766946930659 0.047487681461886172 
32.591999999999999 -0.51394670972941014 3.4291260929598262 -0.043601386254856433 
32.692 -0.39646740937515157 3.3846154431394551 -0.072688239144374583 
32.792000000000002 -0.57139938186831574 3.5504965984617511 -0.027089198928581106 
32.892000000000003 -0.81815094553134249 3.79658888226114 0.039464915373827056 
33 -0.68436125637478473 3.8217630183505213 0.032840718163083968 
33.100000000000001 -0.051422769474646177 3.5586167113397513 -0.084873943188813666 
33.200000000000003 0.46548043999745031 3.2613787204669249 -0.11024052327801658 
33.32 0.37982871787403172 3.1489610821318554 0.0016855686955522086 
33.420000000000002 0.15048342512714705 3.4703747681191013 0.063363561337793792 
33.520000000000003 0.17723669830104702 3.5718546738416816 0.019448910232586825 
33.631999999999998 0.57559088674775505 3.2423508813225741 -0.075202461640178631 
33.731999999999999 0.94640616073846096 3.0078908854809763 -0.060052464958515184 
33.832000000000001 0.97697224373451308 3.0586344473957214 0.010512829054053686 
33.932000000000002 0.91128043584625595 3.2305537033139631 0.068812240461847057 
34.039999999999999 0.99259370020482185 3.232459593643541 0.005719050880764691 
34.140000000000001 1.1942932694403317 3.0517483171951785 -0.061564374069509674 
34.240000000000002 1.3927629734091385 2.926133989535872 -0.049007037428431467 
34.340000000000003 1.4708040027802973 2.9381906475009294 0.010207675756260789 
34.451999999999998 1.5249213363074878 2.9503133872616707 0.046487502776332769 
34.552 1.5734035448090182 2.9131437383494343 -0.0054337454939131814 
34.652000000000001 1.6601678460137723 2.8050100831492095 -0.034547349402220526 
34.752000000000002 1.774915274482791 2.6027405391860645 -0.038060543211004903 
34.872 1.9922969273950428 2.7466182184414594 0.0030740976110672103 
34.972000000000001 1.9648316648206936 2.8498042279943072 0.020408817432100095 
35.072000000000003 2.0049601289786616 2.7892093337026318 -0.00043135531523494651 
35.18 2.1619192780554068 2.627193354312177 -0.029743725224173834 
35.280000000000001 2.2871086440324508 2.4773937173086873 -0.033411973919231577 
35.380000000000003 2.351968441684348 2.4217306572240891 -0.0071732202086551289 
35.491999999999997 2.3657564377272222 2.4194001213147169 0.016464391761704871 
35.591999999999999 2.3720460786702104 2.3929435934633534 0.010624299434505191 
35.692 2.4209627036869898 2.2597755927374665 -0.0065253496016352101 
35.792000000000002 2.4855204648057998 2.0784565445714667 -0.010072371450533817 
35.892000000000003 2.5227668575596853 1.9402603577199318 -0.005957891694366866 
36 2.5449307484494583 1.9002326708932176 -0.00010882355088607216 
36.100000000000001 2.553814246374932 1.9455896582764978 -0.0039770289229791459 
36.200000000000003 2.586862458374918 1.88403737268967 -0.015936976306854533 
36.32 2.4698088113142398 1.633434393907419 -0.013163817708687355 
36.420000000000002 2.5182783435891039 1.5801609073224785 -0.0039263842247157848 
36.520000000000003 2.5573717667733673 1.5565626816405169 0.0043241903819268976 
36.631999999999998 2.5669048138946731 1.5944901712511601 0.0016429183069343425 
36.731999999999999 2.6094793433994252 1.5216842606685825 -0.0083811973045281145 
36.832000000000001 2.6419951222125078 1.4522922877228275 -0.015275718724513254 
36.932000000000002 2.6419519776293017 1.3677775967776145 -0.018751418092210335 
37.039999999999999 2.599463678524272 1.3989504549341456 0.0067892636463405794 
37.140000000000001 2.5944890306373316 1.4453639036593684 0.018739269464290262 
37.240000000000002 2.6040651509793742 1.4807520366125446 0.0014792784539969038 
37.340000000000003 2.634197729868291 1.4620123957999074 -0.016831410636777865 
37.451999999999998 2.6658061602482386 1.4358144823649057 -0.020602234508404923 
37.552 2.6884416855501754 1.4540197890280131 -0.010399450727998949 
37.652000000000001 2.6991626999093716 1.4984225991091389 -0.0027207842549571352 
37.752000000000002 2.7148001820787453 1.5223536281939281 -0.0030209503467526801 
37.872 2.9699260876376727 1.5973463452712187 -0.0048038537779472512 
37.972000000000001 2.99746404187092 1.5140266341924724 -0.0020577248565276911 
38.072000000000003 3.0047379777821059 1.4593918039769889 -0.0016423574018708724 
38.18 3.0261376330751872 1.477709383036458 0.0016595425824891372 
38.280000000000001 3.0415945885079294 1.4165459530608753 -0.0075317785642693485 
38.380000000000003 3.0662803082609664 1.3418703808222183 -0.01902844325177552 
38.491999999999997 3.1000489541791438 1.2494909803361134 -0.011030700276470263 
38.591999999999999 3.0857378705687011 1.1320008069820213 -0.0044079479372829489 
38.692 3.0946003580920212 1.1220040367526014 0.012367840076523648 
38.792000000000002 3.0952231233782093 1.0860817691594555 0.0035979110746052461 
38.892000000000003 3.1176231781285013 1.0350983893902894 -0.0074350965058896882 
39 3.1565386910247684 0.86068542111946511 -0.020060331145779615 
39.100000000000001 3.1719678467332533 0.70930299881519188 -0.025763546613787307 
39.200000000000003 3.1973361851140814 0.67653154212973587 -0.011630228953087044 
39.32 2.9557183159365308 0.64811021649389322 0.0013021357196789653 
39.420000000000002 2.9437751533724299 0.63389186996699354 -0.0035336237550708583 
39.520000000000003 2.9467626673891476 0.5692285079854057 -0.0037842614331151784 
39.631999999999998 2.9417405286375207 0.47504559609752856 -0.005786339385319016 
39.731999999999999 2.9375337132677064 0.47813811498369602 -0.00054545817685663521 
39.832000000000001 2.9245536117246909 0.5362260778377369 -0.0061495746819035723 
39.932000000000002 2.9214690667821341 0.61411050382285026 -0.0084576801874579628 
40.039999999999999 2.9251955299325414 0.6629633835875256 -0.010260022541215632 
40.140000000000001 2.9363987346716938 0.68112906335668966 -0.0089400324739338944 
40.240000000000002 2.9407373789651006 0.69635023677369445 -0.0038146282952740943 
40.340000000000003 2.9400116559071496 0.74441942853453957 0.0011485711790398059 
40.451999999999998 2.9345039477029005 0.78551270864979983 0.0015406264669923855 
40.552 2.9276775723502775 0.75267820392562834 -0.012451589019943842 
40.652000000000001 2.9344004095367837 0.78043922356699458 -0.010778095491665418 
40.752000000000002 2.9455106520783265 0.81494657650898117 0.00068921689260058902 
40.872 3.1756384827246311 0.8410561052838702 -0.0063541824310032026 
40.972000000000001 3.1862448480194914 0.86973035202883353 -0.0094236124296514599 
41.072000000000003 3.20735872799199 0.83698344573386485 0.0012370991278991114 
41.18 3.2048897422249416 0.70709331043023571 -0.0065930569332889365 
41.280000000000001 3.1837712761084749 0.70886021867207893 -0.016665696062888591 
41.380000000000003 3.226056867506871 0.85540100657871487 0.0005686960146117087 
41.491999999999997 3.2205745299221658 0.99112296074715167 0.012474202650579037 
41.591999999999999 3.194731921038346 0.91721850526584314 -0.014376820045814172 
41.692 3.2196709282045655 0.87591186902023876 -0.029286367264942201 
41.792000000000002 3.267294649998933 0.82644567362913623 -0.0053689600930118611 
41.892000000000003 3.2723668775908608 0.80456656416456462 0.0079092216415737899 
42 3.2663393944811805 0.79778468620090459 -0.0050341130128561708 
42.100000000000001 3.2985082216200641 0.79633439471551737 -0.013519678328282426 
42.200000000000003 3.3260477845684049 0.69017331239689927 -0.0075947036023322964 
42.32 3.0651838694258458 0.51669463362531343 -0.0090882178307796421 
42.420000000000002 3.0921924609330893 0.59570283614773323 0.0053122837208550034 
42.520000000000003 3.1193119733725316 0.61896950554123864 0.0063710920046427984 
42.631999999999998 3.0977486246594736 0.53959183545631473 -0.011550508424818209 
42.731999999999999 3.0762581713209696 0.36229132453356838 -0.022861400369216054 
42.832000000000001 3.0817378952323127 0.19464480306763704 -0.015809359156461526 
42.932000000000002 3.0811238368635867 0.18580438575624536 -0.0014527876586912156 
43.039999999999999 3.0963317945886346 0.29276582984343485 0.0090227539948046342 
43.140000000000001 3.1132247803372737 0.29529288566884931 -0.00075318725423854178 
43.240000000000002 3.0966009176478266 0.22234594989417394 -0.017988991166509764 
43.340000000000003 3.0839524569283605 0.11568844918898159 -0.017261174729913693 
43.451999999999998 3.0558022185794074 0.0077475507039855796 -0.00085866634959269562 
43.552 3.0541067494418805 -0.0070582510201081701 0.0088622995974755193 
43.652000000000001 3.0381524512838807 -0.092239413067628728 -0.012351329504219246 
43.752000000000002 3.0339747565601214 -0.15686242648429344 -0.018709790377659987 
43.872 3.2552653613783695 -0.30305525630084484 -0.0079496705000304761 
43.972000000000001 3.2737556466835711 -0.30542265967663801 -0.0047916072120779106 
44.072000000000003 3.3160548190467098 -0.23552898352580662 -0.00012333789210580636 
44.18 3.3376118476636569 -0.2134660153093596 1.8010818522768812e-05 
44.280000000000001 3.3025937416590287 -0.36910948123925424 -0.0078146925299750238 
44.380000000000003 3.2358643892905254 -0.58653119320370761 -0.018163362614824596 
44.491999999999997 3.1624007153963163 -0.7619041121752399 -0.014330463301921592 
44.591999999999999 3.129605207841093 -0.78351369862923914 -0.0016928182782141696 
44.692 3.1367677609612494 -0.67927842171922881 0.013428789418706089 
44.792000000000002 3.0764645582175816 -0.69141512127422333 0.0077074712401427169 
44.892000000000003 3.0364577196521392 -0.89589323386660535 -0.019310417386253245 
45 2.9958434562378642 -1.0604832750951421 -0.026139112935778058 
45.100000000000001 2.9785346006453199 -1.1017595213494651 -0.012175079634560155 
45.200000000000003 2.9953267044579217 -1.047936613801288 0.0054169952384687595 
45.32 2.8050583479177233 -0.89074031312888458 -0.00096511835136063086 
45.420000000000002 2.8116585329486652 -0.90235072251678472 -0.0117513115606214 
45.520000000000003 2.8387051367862721 -0.94579344577889768 -0.0045497520536255187 
45.631999999999998 2.8831795064111909 -0.95331357283916063 0.0055198456574018975 
45.731999999999999 2.9192502694381384 -1.0097082734949865 -0.0041537272531154672 
45.832000000000001 2.958520034885721 -1.0122492955436628 -0.015473533131766666 
45.932000000000002 2.9812809973288816 -1.0127081952306807 -0.0084436820186092627 
46.039999999999999 3.0072005419571473 -1.0103815667306486 0.0031041309453891351 
46.140000000000001 3.0303766842159519 -0.95331677190381625 0.0048519433075051577 
46.240000000000002 3.0564300363045271 -0.95981837536804504 0.0034763726561020621 
46.340000000000003 3.1022235251405839 -0.97879312682844333 0.00028812466157045045 
46.451999999999998 3.1602335611301702 -0.96360357840729149 -0.0036575519180765312 
46.552 3.2042368626426532 -0.85453611190258383 -0.012506031008907011 
46.652000000000001 3.2448724431758023 -0.69336568875346893 -0.01191152715698258 
46.752000000000002 3.2953624288666927 -0.56328166746794783 -0.0082687932752697913 
46.872 3.6306113437748597 -0.50312301067216036 -0.0075526241522519463 
46.972000000000001 3.6833022005243365 -0.40827009631505851 -0.0021828210650504847 
47.072000000000003 3.7020414047883032 -0.23404787909939004 0.00092461156559577387 
47.18 3.7191808561672932 0.047477939273472936 0.0011716985276824219 
47.280000000000001 3.7305401090591985 0.28494568107524143 -0.016326343180241377 
47.380000000000003 3.7923234764593801 0.4375212846264846 -0.031155528892457995 
47.491999999999997 3.8608966857945655 0.55933016008475633 -0.032523542527326324 
47.591999999999999 3.828915436919011 0.76922290444604002 0.0021492107302087497 
47.692 3.6909047854536126 1.062624240734432 0.013413915735557566 
47.792000000000002 3.5670151009594186 1.2947867179550525 0.0064181699938430838 
47.892000000000003 3.5253789154924959 1.4428034559158571 -0.0094017159969532974 
48 3.5286167793808585 1.5811159818711966 -0.017093895766762634 
48.100000000000001 3.4431387794133239 1.7671827743108453 -0.00019893385301621375 
48.200000000000003 3.3275201144121418 1.9867916289787466 -0.0077186627386504588 
48.32 2.8287654029176132 2.1173170023856707 -0.023953510156392563 
48.420000000000002 2.6807140516460501 2.3042008788209234 -0.0046464513674617375 
48.520000000000003 2.5722106167771583 2.4869138249520937 -0.0042423961962748009 
48.631999999999998 2.4152780365056126 2.6688115271287578 -0.0066293084845107869 
48.731999999999999 2.2553152042612692 2.8291184173459976 -0.0018216191052099029 
48.832000000000001 2.092122773797354 2.9796671528322238 -0.0031392160991261975 
48.932000000000002 2.0008811902666439 3.1202821912313201 -0.011872492371481884 
49.039999999999999 1.7578134658240592 3.2452301740870819 -0.026916081445609776 
49.140000000000001 1.4415780656222648 3.2933764039545812 -0.0017830782952522738 
49.240000000000002 1.2764007858430158 3.3912225126208559 0.010644869395105058 
49.340000000000003 1.3707125291265487 3.4946704077065607 -0.01063305336999606 
49.451999999999998 1.2976327136000252 3.6232148709883609 -0.030837174698441449 
49.552 0.87322617000205671 3.5278206488111072 -0.012096941461011593 
49.652000000000001 0.34267442249658897 3.4388947850125584 0.0037770046004440032 
49.752000000000002 0.017397001735327405 3.4991913126553116 -0.033942167456234837 
49.872 -0.02473157871754713 3.8908148878853894 -0.048229081154458404 
49.972000000000001 -0.051430614746040028 3.9771627401914538 -0.01649175965246856 
50.072000000000003 -0.27674295214997463 3.9591558215382165 0.016418458055122553 
50.18 -0.68536710708605941 3.7850997180885901 0.023130945660770143 
50.280000000000001 -0.95063664417768201 3.6136634036894613 0.002112086755772331 
50.380000000000003 -1.0632144300772799 3.5937476806666404 -0.020783963983605044 
50.491999999999997 -1.0878784579436618 3.678034535570605 -0.028300770295923483 
50.591999999999999 -1.1422560702022535 3.7119737563018367 -0.0079197093677693779 
50.692 -1.3301561589156909 3.6358576860880913 0.010810183790826548 
50.792000000000002 -1.4733052772183497 3.5431477703882139 0.011432180673703982 
50.892000000000003 -1.4665245192525429 3.6491453073130971 -0.020408616832857773 
51 -1.5474675610758521 3.6984001134494973 -0.027198799405817996 
51.100000000000001 -1.7699110976321306 3.5623852072618853 0.006023187758575581 
51.200000000000003 -1.9205902755446884 3.4480886325439379 0.019625008418379938 
51.32 -1.9340827225982591 3.1382960907391015 -0.022058224367122493 
51.420000000000002 -2.116984901337299 2.9813384284624083 -0.021838845636574403 
51.520000000000003 -2.2587033853485372 2.8451595846697821 0.0076509774020498264 
51.631999999999998 -2.3184470912111705 2.8809975330965889 0.019168992359180886 
51.731999999999999 -2.3832433592333806 3.0250569764094006 -0.01139452862004971 
51.832000000000001 -2.5545719432540746 2.8913006233715945 -0.029713145175397391 
51.932000000000002 -2.6995378725405073 2.4202955349492323 -0.016797775282741859 
52.039999999999999 -2.903837771326589 1.9566395270102657 0.0032533392664169363 
52.140000000000001 -2.9828533774645343 2.0448364022020735 -0.014131564150598184 
52.240000000000002 -3.0817891342724146 2.365687769704111 -0.042690730140352608 
52.340000000000003 -3.2842545666291052 2.3332412249576184 -0.02531098606246578 
52.451999999999998 -3.3016411530927794 1.6836672097707652 0.00035239946415147809 
52.552 -3.3910432425063033 1.1566648918935376 0.014426132123159222 
52.652000000000001 -3.5275968015123378 1.2336644701294104 -0.012965003218092488 
52.752000000000002 -3.7675234649912901 1.4175251564748907 -0.050531907138184444 
52.872 -4.2071439328413316 1.0868163003489271 -0.022221510151837612 
52.972000000000001 -4.1110450403594827 0.51190237318763876 0.015131512639230309 
53.072000000000003 -4.0419246984255448 0.16505713474627712 0.01106159694622612 
53.18 -4.1809687850507347 0.00090481510685811427 -0.044911863849355471 
53.280000000000001 -4.2437240815450537 -0.25101573469275351 -0.029700866966233457 
53.380000000000003 -4.1997605004715153 -0.55706461487176451 -0.0042070598147957222 
53.491999999999997 -4.1067894583223961 -0.89470645181633623 0.028475415984887138 
53.591999999999999 -3.9442634236400864 -1.2334816983867605 -0.008520864235823605 
53.692 -3.7999620070033591 -1.5390595010827719 -0.025330858122792697 
53.792000000000002 -3.8112590879008938 -1.7221320583376909 -0.021666704869952699 
53.892000000000003 -3.7403243693137465 -1.9452479950982715 -0.0040903117557949467 
54 -3.5428246382316901 -2.2307879129114605 0.00089402984741030064 
54.100000000000001 -3.3734093559970351 -2.4521916084929081 -0.0090493083669900519 
54.200000000000003 -3.27495815555841 -2.6478074667476528 -0.020350805891592605 
54.32 -2.9643996500972722 -2.6559987131218254 0.006074131078316768 
54.420000000000002 -2.8143497180770289 -2.8368735238353122 0.0033073262203477012 
54.520000000000003 -2.5203299554831609 -3.0185917831121016 -0.011963804904078626 
54.631999999999998 -2.176665497550522 -3.1928764521328561 -0.021767651457436886 
54.731999999999999 -1.9535727041605713 -3.3313471619274742 -0.021104513784674362 
54.832000000000001 -1.7760713357085269 -3.4580638245022022 -0.010911578196732462 
54.932000000000002 -1.5653532275735325 -3.5636879197955165 -0.0015387102481697564 
55.039999999999999 -1.2621405776683261 -3.6345199363175369 -0.0026575117292100508 
55.140000000000001 -0.97068298766663086 -3.6857896975815976 -0.010680721366354114 
55.240000000000002 -0.74231012195262447 -3.7313139974689427 -0.014864088724643907 
55.340000000000003 -0.55741031564396037 -3.7822155631013805 -0.011347296085027945 
55.451999999999998 -0.32382985564224798 -3.8029499989050271 -0.0063302549161642534 
55.552 -0.07363926759671427 -3.7931511510412705 -0.0038716065256649708 
55.652000000000001 0.19499272899606956 -3.7648050149205288 -0.011649046954221096 
55.752000000000002 0.42375028559524597 -3.7413815125392693 -0.015770026739563583 
55.872 0.66953327361197057 -4.0475778669108955 -0.0065319018665962198 
55.972000000000001 0.81293918796701559 -4.0739835549349666 -0.00042269190686599299 
56.072000000000003 1.0352406813440624 -4.0341090509130932 -0.00079869325003440838 
56.18 1.3142330344854187 -3.9256349571268836 -0.00085081687095329853 
56.280000000000001 1.5258224841539338 -3.8621293089439246 -0.011598729067688463 
56.380000000000003 1.784880906483759 -3.7171198739219062 -0.015193842308379916 
56.491999999999997 2.0350302017710669 -3.5530482574619846 -0.0020236168300845738 
56.591999999999999 2.1686804845286938 -3.5710972365003832 -0.0082915053094769486 
56.692 2.3505040645214339 -3.534280177606115 -0.024788054597250798 
56.792000000000002 2.603644529117533 -3.2079684080903572 -0.0060129854807755047 
56.892000000000003 2.8417625959574129 -2.8117004487182022 0.013274544954524089 
57 2.9664129623650513 -2.686588958393556 -0.0095609947315118439 
57.100000000000001 3.1459432034680974 -2.9392439232946237 -0.079600847277940423 
57.200000000000003 3.2157374809207062 -2.9532643876069979 -0.041430492491372567 
57.32 3.0936397437744483 -1.9951182720143412 -0.018359747883902898 
57.420000000000002 3.2689969261668477 -1.4288389376252388 -0.0037422725427133504 
57.520000000000003 3.350684559557906 -1.4120805432972807 -0.018039163030623997 
57.631999999999998 3.5303649463179592 -1.555921762696038 -0.039934149681079036 
57.731999999999999 3.6300019329003144 -1.3098341583906847 -0.022426630039792259 
57.832000000000001 3.5671861615535683 -0.80353852269361781 0.01367096549345358 
57.932000000000002 3.573307176318552 -0.45384489147962509 0.022867692306696476 
58.039999999999999 3.61491518151285 -0.38794037836009904 -0.039921383094683294 
58.140000000000001 3.5991924842992038 -0.13426608800679493 -0.058157038193260367 
58.240000000000002 3.4186005697194322 0.28750991396728975 -0.030954675475944791 
58.340000000000003 3.232840174894843 0.71021811205052499 0.00036685832798483706 
58.451999999999998 3.0683451378732913 1.0282835522139213 -0.030389763598297391 
58.552 2.9975524611514102 1.1232716886393319 -0.046401845526048938 
58.652000000000001 2.9462630547488571 1.0998759822400934 -0.04683347994277768 
58.752000000000002 2.6984971134151343 1.2772931687563314 -0.01522842650729558 
58.872 2.4272989893952164 2.0225057321824802 0.029275024358883701 
58.972000000000001 2.1365424400859161 2.3588233164033361 -0.0045391317699187521 
59.072000000000003 2.1158818364691769 2.3724664860323217 -0.06070318784336734 
59.18 2.1203294784294338 2.3711624056060985 -0.068359348891608843 
59.280000000000001 2.1052891692257747 2.5695684792946585 -0.0060928555578161694 
59.380000000000003 2.067173840147543 2.8589432722229691 0.038236204224331667 
59.491999999999997 2.079902486320564 3.0883693281281932 -0.015165335963672099 
59.591999999999999 2.2037171217663238 3.1382894512365009 -0.057476857330566088 
59.692 2.3620006825860833 3.0347624334858252 -0.049325914204357009 
59.792000000000002 2.5150662029058215 3.0003024831924643 -0.0044614620283384317 
59.892000000000003 2.6655875280357555 3.0299694956015992 0.030577970455877505 
60 2.8525096731689237 3.0315325944832074 -0.0056236742760789379 
60.100000000000001 3.0645872372497975 2.8838370620360818 -0.053822517966429145 
60.200000000000003 3.279536273358314 2.6483259191085633 -0.071716492701519585 
60.32 3.2707203964202387 2.1940093978626076 -0.01476242682051236 
60.420000000000002 3.4867448549670703 2.0463956853319267 0.023257243796001116 
60.520000000000003 3.7097969036259526 1.8642341679021956 0.013192999067961121 
60.631999999999998 3.8901357977133619 1.5364955471594119 -0.034446284877347154 
60.731999999999999 4.0197972644084601 1.1743984286591185 -0.054932654181408386 
60.832000000000001 4.1437053450187564 0.81219674100572647 -0.037814610738681219 
60.932000000000002 4.2553445462527462 0.47161546257058967 -0.010918830172004727 
61.039999999999999 4.2988143810402191 0.079339907490384887 -0.012866012537052132 
61.140000000000001 4.2660915805329331 -0.32082875256931459 -0.034644369202606155 
61.240000000000002 4.1795468992695861 -0.74645221724725674 -0.057017257855648824 
61.340000000000003 4.0536970854638845 -1.1428389928037681 -0.054301237495906166 
61.451999999999998 3.8750516396044761 -1.534844445584767 -0.029663142625452561 
61.552 3.7255615122484809 -1.8708115628845907 -0.015040843734469211 
61.652000000000001 3.5202688632534369 -2.2154066327224666 -0.045095550027994806 
61.752000000000002 3.2422969341234902 -2.5081531375198161 -0.060808980212027387 
61.872 3.1305975019869394 -3.0734216075156193 -0.033552153630917556 
61.972000000000001 2.823413794805143 -3.3349863185657718 -0.020005319216918182 
62.072000000000003 2.5118089723219228 -3.5587073015253958 -0.010431796435265447 
62.18 2.1345401978547409 -3.7773433347632275 -0.0204703642260439 
62.280000000000001 1.7554615199256962 -3.9425790446814193 -0.035507451778728119 
62.380000000000003 1.3699649956319984 -4.0719218113744038 -0.035109120578479133 
62.491999999999997 0.95937665227446234 -4.2183926232423712 -0.03459313664371165 
62.591999999999999 0.5806595754308026 -4.3197712825388814 -0.027847450292929718 
62.692 0.186984548057334 -4.4009935481603906 -0.034014645506676766 
62.792000000000002 -0.2327580835956288 -4.4273190952994579 -0.042987988873623213 
62.892000000000003 -0.6320247560037815 -4.3757606715621229 -0.037315888213208803 
63 -1.0576694823622736 -4.2699490567135499 -0.030999427060096316 
63.100000000000001 -1.4481345870632603 -4.1431138935661993 -0.026342470487813269 
63.200000000000003 -1.8063955867974841 -4.024196017357931 -0.030801187233966413 
63.32 -2.0662791013768298 -3.4893031218156554 -0.025070231332095638 
63.420000000000002 -2.3599237659053567 -3.2721959280308401 -0.022099009693197263 
63.520000000000003 -2.6518813870393942 -3.0214684389133697 -0.027121168640898089 
63.631999999999998 -2.9327800348279696 -2.7106443910016043 -0.030095932768459753 
63.731999999999999 -3.1706608482383598 -2.4178373053763842 -0.02326014337049559 
63.832000000000001 -3.4216273235273897 -2.1541768327712991 -0.017710945416298824 
63.932000000000002 -3.6597295500378344 -1.823397900571808 -0.03293822242662453 
64.040000000000006 -3.8662793953925529 -1.453929733841447 -0.010283423823508086 
64.152000000000001 -3.8401937570020088 -0.86166540657468083 -0.043701411984473755 
64.272000000000006 -3.934445568955073 0.010716804296809768 -0.06923628029025454 
64.379999999999995 -3.8908419342343188 0.49220964161433012 -0.079903608495627082 
64.480000000000004 -4.0746829596397562 0.73437722567103725 -0.013661682646311608 
64.591999999999999 -3.8401105096623245 1.0613918383891427 0.042560209077355554 
64.700000000000003 -3.2973244086837905 1.5930433947137661 -0.073535421047977209 
64.819999999999993 -2.8082048256834438 1.8179144190229117 -0.026612593053048018 
64.920000000000002 -2.7883103991555691 1.9453600707404617 0.0078788920888767464 
65.031999999999996 -2.6343520585245259 2.0624551440054679 0.0096243663446543559 
65.132000000000005 -2.1884117728211034 2.2525584597285699 -0.067934675596256128 
65.239999999999995 -1.7094947840089874 2.5354152884858481 -0.084049504653355894 
65.340000000000003 -1.6661908619963028 2.6246258925232104 -0.011288359500373622 
65.451999999999998 -1.6251990825435407 2.5953648282807089 0.041929338379314271 
65.552000000000007 -1.227163318294205 2.7873819543624578 -0.03132212462920729 
65.671999999999997 -1.0211290178611541 3.3153361629193268 -0.044796453776490774 
65.772000000000006 -1.0075078045267383 3.4273541300684083 -0.019844444434669449 
65.879999999999995 -1.1495271371706177 3.4120445095085028 0.0042190229918949345 
65.980000000000004 -1.1989098586529843 3.4720143771799372 -0.0052054522069200394 
66.091999999999999 -1.2644535235158896 3.6505514288229994 -0.048636828921747879 
66.200000000000003 -1.3318267700792696 3.7865355623621628 -0.033007745707782414 
66.319999999999993 -1.2976971633964458 3.6361677406438915 0.014024414583715915 
66.420000000000002 -1.5164252794258384 3.5540240009265189 0.0040971383878217341 
66.531999999999996 -1.7418472909972438 3.4893751662987604 -0.011869523773796272 
66.632000000000005 -1.9707989872822202 3.3899129363195142 -0.023545115409991157 
66.739999999999995 -2.1835760109618318 3.2643258340765695 -0.003352069448330604 
66.840000000000003 -2.3426289548437293 3.3044816710551546 0.012576939794424745 
66.951999999999998 -2.582172974441248 3.2461863299969917 -0.01698073936067733 
67.052000000000007 -2.8289816947965165 2.9281441478563246 -0.030741711000171913 
67.171999999999997 -3.3413326877190461 2.7246013804051539 -0.0038671786479789454 
67.272000000000006 -3.5186921939151961 2.2871361769884802 -0.0028262386914467306 
67.379999999999995 -3.6747467845811106 1.9129942570268934 -0.01463239028438754 
67.480000000000004 -3.8052376164855946 1.6930103800246399 -0.035473266393261524 
67.591999999999999 -3.8609733008346558 1.2610187981170358 -0.021230754711526349 
67.700000000000003 -3.8642892224010303 0.80788216251934808 0.012914500234172654 
67.819999999999993 -3.6085988380290428 0.46643417324469133 -0.0020090955477917757 
67.920000000000002 -3.6004214060136324 0.24830428693996207 -0.026451939350064041 
68.031999999999996 -3.5541167402467768 -0.0024638649575129535 -0.0059045113208237099 
68.132000000000005 -3.5711441094731451 -0.13148211968258841 -0.0011096057300705394 
68.239999999999995 -3.4939779268415982 -0.40659944461447151 -0.019767892508737988 
68.340000000000003 -3.4162800376369544 -0.62619402741687902 -0.0036572196924370237 
68.451999999999998 -3.3779393582533475 -0.7592863751149197 -0.0085606603057603627 
68.552000000000007 -3.3252140635295162 -0.90307491684176566 -0.010670651380911406 
68.671999999999997 -3.5301896543010782 -1.1156809785214516 -0.0040812856651736527 
68.772000000000006 -3.4555851077975599 -1.2605122688678752 -0.00070446288000918292 
68.879999999999995 -3.391999040296013 -1.3915000241339808 -0.0018536383402506648 
68.980000000000004 -3.3548455236909756 -1.4789485426650377 -0.0023436098192060619 
69.091999999999999 -3.4100387581591942 -1.4703114263334487 -0.0098967651294267212 
69.200000000000003 -3.4749147634512623 -1.4535737423576953 -0.017757529334158698 
69.319999999999993 -3.1690919612655661 -1.4370846320744826 -0.0040262048415588168 
69.420000000000002 -3.0349861900872428 -1.6003108547747633 -0.00035474286500331573 
69.531999999999996 -2.9066201390689757 -1.7647751961819018 -0.0022654368307543867 
69.632000000000005 -2.841092047934028 -1.8531392642745708 -0.012728200469950214 
69.739999999999995 -2.8122747603092817 -1.8924777808247328 -0.014841360918218305 
69.840000000000003 -2.7777290961511336 -1.9428480097738923 -0.0050565842452495518 
69.951999999999998 -2.6668850111995348 -2.037146410011474 0.0042096186049138977 
70.052000000000007 -2.5651035811602796 -2.1366627720620142 0.00049935150186147792 
70.171999999999997 -2.714834383746493 -2.3744204540204321 -0.0046000756686577424 
70.272000000000006 -2.7715125265122649 -2.3520956085187077 -0.011492232651100888 
70.379999999999995 -2.7458942163521498 -2.3743458427704174 -0.0096680628829258573 
70.480000000000004 -2.6147516437408966 -2.496303247481408 0.0066983220809221826 
70.591999999999999 -2.476890798979853 -2.595339098931849 0.0044436367674606193 
70.700000000000003 -2.3933123133753056 -2.6732564165959682 -0.011880711930404349 
70.819999999999993 -2.2400448770333536 -2.4650047837921365 -0.0088625590617173525 
70.920000000000002 -2.2202612767299112 -2.4882827205376761 -5.5044713212455129e-05 
71.031999999999996 -2.1042795603370532 -2.5458893977729504 0.0029272234445833676 
71.132000000000005 -2.0028740509727121 -2.6142964065766487 -0.0020599447403262697 
71.239999999999995 -1.954285028983419 -2.6342790539108956 -0.0096235643625463604 
71.340000000000003 -1.959737878272821 -2.6342008452288401 -0.010390981313640066 
71.451999999999998 -1.9361442235166897 -2.6426195421408938 -0.0031964428427620657 
71.552000000000007 -1.8649662382532157 -2.6807931572707302 0.0011784058991158922 
71.671999999999997 -1.9630098586938158 -2.9312210837742647 -0.0026330140023304621 
71.772000000000006 -1.9811221535550438 -2.9251712727248185 -0.011684640609145232 
71.879999999999995 -1.9714515376173387 -2.943139260276634 -0.0033766291541259901 
71.980000000000004 -1.9369795816935036 -2.9632783484293292 0.0025216146698668744 
72.091999999999999 -1.9150773447197711 -2.9862628769618929 0.0035317436299798443 
72.200000000000003 -2.0282956207050087 -2.95513190824918 -0.024480655175344757 
72.319999999999993 -1.7818192255408534 -2.7748174815990971 -0.0063690102695205513 
72.420000000000002 -1.6464449043631129 -2.8271247721978963 0.013535136521461068 
72.531999999999996 -1.5670546374308312 -2.8729884479188659 -0.0028864806652072524 
72.632000000000005 -1.5762520887231073 -2.8734441462487132 -0.018585317640087442 
72.739999999999995 -1.7248106106725822 -2.8294197054579464 -0.012153740556230724 
72.840000000000003 -1.876022322882227 -2.8166664158264472 -0.005075891863159156 
72.951999999999998 -1.7470557460061165 -2.8572938904210812 0.0037284436907851475 
73.052000000000007 -1.5863851214418498 -2.9278066809510861 0.0022746148457226177 
73.171999999999997 -1.5513224080116665 -3.2426802516247548 -0.0047334849408382593 
73.272000000000006 -1.6660454081893914 -3.2541067564468267 -0.014804301213640935 
73.379999999999995 -1.7660721751744541 -3.253839313764856 -0.021138040715148219 
73.480000000000004 -1.5489678140792507 -3.3226500049900092 -0.0026938717709585431 
73.591999999999999 -1.1847629549484777 -3.4186865426265718 0.023958796944944308 
73.700000000000003 -1.1895503358125699 -3.3863438524302825 -0.0020294998413126664 
73.819999999999993 -1.4444917658410885 -3.1214683974828588 -0.031392132244288419 
73.920000000000002 -1.3262235991909217 -3.0965955924484017 -0.02561836757199305 
74.031999999999996 -0.71025096718602876 -2.9698831642470496 0.0063459959019539908 
74.132000000000005 -0.14026545865923012 -2.9886923175688405 0.008317703855578281 
74.239999999999995 0.01390302594111637 -2.9126869292538626 -0.047187355894246379 
74.340000000000003 0.036740748045732866 -2.8922289834123074 -0.054017798451278999 
74.451999999999998 0.22254493149782967 -2.9178896765044389 -0.011846563152666781 
74.552000000000007 0.36680841461627195 -2.928158150731865 0.034710666729499615 
74.671999999999997 0.57468123340425858 -3.1236469882367013 -0.010843423384532869 
74.772000000000006 0.79011202066255104 -3.0989642766134291 -0.031748074236680329 
74.879999999999995 1.0172112020288104 -3.1615807689306337 -0.0093196296036281573 
74.980000000000004 1.0806886892316463 -3.2254190928075475 0.018232950321946693 
75.091999999999999 0.89352400982094582 -3.2441481359768463 -0.009205698774488489 
75.200000000000003 0.77987273708257832 -3.2257949307117926 -0.055114848509803874 
75.319999999999993 0.9450517417094475 -3.0657294174193965 0.0030684925526111751 
75.420000000000002 1.1854871763356041 -3.1824900402048786 0.038892357108795197 
75.531999999999996 1.1540069358662659 -3.2278175396679245 -0.00061383818732076005 
75.632000000000005 0.81815085042320923 -3.1596152005155798 -0.062431490715592459 
75.739999999999995 0.56070108160726229 -3.1902485212421894 -0.03868543310369315 
75.840000000000003 0.56158447914600695 -3.288401265880732 0.021185751663494377 
75.951999999999998 0.5612583326060846 -3.3674714717346799 0.033680060353881082 
76.052000000000007 0.49010706509934804 -3.3897281916358168 -0.020910907400920057 
76.171999999999997 0.28153032599612698 -3.6678803959825457 -0.029810029113124119 
76.272000000000006 0.057913881298459771 -3.6163435557665427 -0.0099392189105450956 
76.379999999999995 0.15748539034419001 -3.3791796738795665 0.037069806865671358 
76.480000000000004 0.30563998819907628 -3.071002516723087 0.094043122398489651 
76.591999999999999 0.3432301927481668 -2.6437846633871001 0.075167890735157228 
76.700000000000003 0.28869176682058423 -2.2194990239600498 0.032874514806005298 
76.819999999999993 0.28271411318393436 -1.7599207053949817 -0.024079366000129596 
76.920000000000002 0.34051614831755289 -1.6549051718181469 -0.02149109021240049 
77.031999999999996 0.35097301790638435 -1.5851397228682438 -0.037215599699021162 
77.132000000000005 0.27891167160506347 -1.4879631443949 -0.049044674090701512 
77.239999999999995 0.1801121532629999 -1.3516774370854996 -0.037239045946745812 
77.340000000000003 0.14654650593447135 -1.247414464604315 0.0066753629010861196 
77.451999999999998 0.18608574901410049 -1.1687368335524106 0.052290071795312719 
77.552000000000007 0.23126733691550286 -1.1025662451959166 0.047320027135796791 
77.671999999999997 0.24100150358668346 -1.0648406332140605 -0.0088692004519233831 
77.772000000000006 0.19544374043046764 -0.96011328698353826 -0.034312429849057573 
77.879999999999995 0.16216276212908917 -0.90861218067368399 -0.033741544335544098 
77.980000000000004 0.155252930617961 -0.90309823811421808 -0.010398009919512582 
78.091999999999999 0.14683000934559187 -0.88897702706383497 0.0056884187590814711 
78.200000000000003 0.12386061784636261 -0.82236114896706558 0.0084802499087048427 
78.319999999999993 0.096382854674105206 -0.67140718075750516 0.0047167463141570666 
78.420000000000002 0.10485929750292912 -0.62642257017544745 0.0013377487405474111 
78.531999999999996 0.12819456155458067 -0.6083187354224463 0.00060604617985612235 
78.632000000000005 0.12676879832717469 -0.58989812308125922 -0.0087840722485925775 
78.739999999999995 0.098393312976052263 -0.55046355182895745 -0.018136335777585708 
78.840000000000003 0.070493683422075321 -0.5115421266545237 -0.015261214113927528 
78.951999999999998 0.061592341070381924 -0.48805059321653499 -0.0037224168824588288 
79.052000000000007 0.070529140696913517 -0.48057721361261391 0.0092590056039219965 
79.171999999999997 0.083828473948578355 -0.49408658343901701 0.0072226759181994882 
79.272000000000006 0.079042280492421985 -0.45385602356041238 7.9769200502528617e-05 
79.379999999999995 0.070067500747830372 -0.41347355998507479 -0.0068275840326765414 
79.480000000000004 0.06709605422505531 -0.39834465448588885 -0.007445093672330632 
79.591999999999999 0.066690001120717268 -0.39828229743545512 -0.0058955873145013389 
79.700000000000003 0.060325594162003268 -0.38892805797609337 -0.0060460466509952623 
79.819999999999993 0.043942129386819219 -0.33223017213367656 -0.00052364877517181491 
79.920000000000002 0.037382763906591204 -0.30914418165278473 0.0016423957711989192 
80.031999999999996 0.042032694649682747 -0.29540922173321715 0.0016678324992602058 
80.132000000000005 0.051241720345357497 -0.28946810225074654 0.00019586942197619947 
80.239999999999995 0.047829467909883398 -0.27645647451481942 -0.0048307647631869758 
80.340000000000003 0.041082293141038208 -0.2585532148439153 -0.0066615468027118796 
80.451999999999998 0.031994081246097754 -0.24226646417011893 -0.0069635704700437067 
80.552000000000007 0.031396944643642753 -0.23610254076144588 -0.0038275879535487867 
80.671999999999997 0.034968055515119438 -0.25144333573843952 3.5565500362966036e-05 
80.772000000000006 0.035079669496837704 -0.24112170371871114 -0.00062034664249286308 
80.879999999999995 0.032275018854634387 -0.22234516551575531 -0.0011866965408648832 
80.980000000000004 0.029869047407215452 -0.2086201993981425 -0.0025214455049739864 
81.091999999999999 0.031362108285055326 -0.20172253666327306 -0.0023903264172264794 
81.200000000000003 0.032215283467913719 -0.20057682944191368 -0.0034216600201851075 
81.319999999999993 0.025574338999788358 -0.17763680385120306 -0.0031742362485630907 
81.420000000000002 0.021327459761153841 -0.16722715643071412 -0.0022717611291976024 
81.531999999999996 0.018484210780950427 -0.15727237951933995 -0.0010416690885731419 
81.632000000000005 0.019677343465702428 -0.15405921812047088 -0.00054762608848934503 
81.739999999999995 0.023704929297004348 -0.14964857511607943 -0.0023123008887791421 
81.840000000000003 0.022944322145547653 -0.14188606648974306 -0.0028263481775450206 
81.951999999999998 0.01872074530812632 -0.13418764725531912 -0.0039691277900293399 
82.052000000000007 0.017229964096237702 -0.12595798797232449 -0.00321101683092807 
82.171999999999997 0.018029160493012116 -0.13420891992404058 -0.0015160292039085297 
82.272000000000006 0.017703431350328289 -0.13152165521199913 -0.0010442196215304769 
82.379999999999995 0.01751436606340322 -0.12603013082710443 -0.0014515078689863472 
82.480000000000004 0.015711973123214665 -0.11918730086437505 -0.0019727740961462525 
82.591999999999999 0.015503572521543251 -0.11156409097934381 -0.0019988155068633578 
82.700000000000003 0.01579283422676778 -0.10988454247673059 -0.0023785929193765876 
82.819999999999993 0.013830091461177486 -0.098790748272105364 -0.0014986753671115791 
82.920000000000002 0.01330961315581353 -0.094179739273444946 -0.0023502239324120163 
83.031999999999996 0.011947105294310202 -0.089871995173720284 -0.0022233258539818661 
83.132000000000005 0.01082621979026421 -0.084143518066203266 -0.0024262136160497255 
83.239999999999995 0.011127696465707444 -0.083330046016490189 -0.0024396438276426584 
83.340000000000003 0.01178621391060816 -0.082115279459489113 -0.0019749662829571064 
83.451999999999998 0.010783858893846105 -0.076326956818891595 -0.0027966558009970954 
83.552000000000007 0.0092569514255068652 -0.073112304795061728 -0.0039906397378045135 
83.671999999999997 0.0094389706919229977 -0.074754424772308578 -0.0018469364227003131 
83.772000000000006 0.010260133627652299 -0.073564944540852287 -0.0024943652105072888 
83.879999999999995 0.010297022693578375 -0.070689414828850411 -0.0025015836235116706 
83.980000000000004 0.0092597748443452952 -0.067067598300262071 -0.002693353190600906 
84.091999999999999 0.0089941721453657662 -0.064018035145979091 -0.0025369363252951654 
84.200000000000003 0.0084272367976420282 -0.062775200212647611 -0.0025624321929271993 
84.319999999999993 0.0072039072539871523 -0.055787840332351978 -0.0011458681512782126 
84.420000000000002 0.00854420748144844 -0.05443134832941867 -0.0027866051077659734 
84.531999999999996 0.0073271905107601606 -0.05157158462185385 -0.002815332732343306 
84.632000000000005 0.0059664605765353323 -0.048774695275552581 -0.0021934772341738813 
84.739999999999995 0.0067196735358318327 -0.046743433383073081 -0.0021023840943239494 
84.840000000000003 0.0060181177233369441 -0.04572981945612984 -0.0011491096094881381 
84.951999999999998 0.006757651638967941 -0.045740914642000523 -0.0026794227436658536 
85.052000000000007 0.0065032552307715394 -0.043184688483135891 -0.0027481309516011725 
85.171999999999997 0.0056865732295943595 -0.043051871976878771 -0.0019072463141308455 
85.272000000000006 0.0049075487738302588 -0.041132449908780441 -0.0019192851293479982 
85.379999999999995 0.0057404223798865565 -0.040909178362236003 -0.002357421345262864 
85.480000000000004 0.005616188918452481 -0.040056308007292485 -0.0023420460453153673 
85.591999999999999 0.0055577173175686192 -0.037462621384474024 -0.0031229081612059342 
85.700000000000003 0.0047126004768835456 -0.036425305021955671 -0.0021031216700887504 
85.819999999999993 0.0040682944062670713 -0.031863610465815463 -0.0020359048340695073 
85.920000000000002 0.0047738755368483534 -0.031662541059982063 -0.0016546355535240526 
86.031999999999996 0.0038293068382199646 -0.029991298110011069 -0.0024843399466398853 
86.132000000000005 0.0043216511096557742 -0.028375176302677111 -0.0020850172645019717 
86.239999999999995 0.0029400179966273484 -0.026908561895533006 -0.002795800746452734 
86.340000000000003 0.0034344722338197132 -0.026947610474627719 -0.0024558375885184234 
86.451999999999998 0.0031776646582788756 -0.025963513280143912 -0.0026425990430491496 
86.552000000000007 0.0034173726706949663 -0.024691020267196075 -0.002240627662892734 
86.671999999999997 0.0033366769343141857 -0.025159965388056479 -0.0019908645256285998 
86.772000000000006 0.0039085950765030521 -0.024154510087668963 -0.0014792541652593927 
86.879999999999995 0.0031621827399107762 -0.023667779335964024 -0.0024116617821452677 
86.980000000000004 0.0029983151966903846 -0.023586439953266231 -0.0026880552504049671 
87.091999999999999 0.003587679983543863 -0.02181449720766554 -0.0025921838123549932 
87.200000000000003 0.0026174914076066316 -0.020969644313876424 -0.0034408365183341491 
87.319999999999993 0.0031718501615194024 -0.018782301570546486 -0.001173272405271491 
87.420000000000002 0.0024880480417814621 -0.0180597492376262 -0.00092391997555293709 
87.531999999999996 0.0024909645947520705 -0.017565988627860799 -0.0022551793384663213 
87.632000000000005 0.0012263975910771165 -0.017615953918017398 -0.0021042720826369207 
87.739999999999995 0.0020505552103573031 -0.016516232821742492 -0.0022369146978588306 
87.840000000000003 0.0020437488254244633 -0.014471351874055901 -0.0026034311788920936 
87.951999999999998 0.0021052071665093072 -0.014794296492001318 -0.0029998924531488055 
88.052000000000007 0.0020034887717287277 -0.0142594713211991 -0.0024974003993797314 
