0.10000000000000001 0.0076194203242432052 0.0054290217449104667 0.066635430814431879 4.2712253695620759e-05 -3.9981664848811254e-05 0.00030884005588032256 0.99999995059747371
0.20000000000000001 0.0065482600107091204 0.0067397919602969671 -0.097447974076332683 -0.00020705754212901293 -0.00010882378312747716 0.0007983619900502624 0.99999965395128587
0.312 0.0034548005886050445 0.0046133077272935297 -0.49157068768402146 -0.0037922921516278813 0.00017010152498204086 0.0014147907688530697 0.99999179394272464
0.41999999999999998 -0.0047811364206095256 0.0004030441274656753 -0.99482410239758934 -0.012076140789307658 0.0041820391027721096 0.0018909690482041286 0.99991654732214474
0.52000000000000002 -0.02621818410690193 0.0012125204103586545 -1.3841664405397542 -0.017367145706161588 0.015873579598477808 0.0024504070495962472 0.99972016445905676
0.63200000000000001 -0.06806716135423721 0.019086104575908328 -1.739388656443593 -0.0062194740033415076 0.036211458326630572 0.0038682505916640894 0.99931730950001108
0.73999999999999999 -0.1248022481396837 0.069047759739399459 -1.9555100475275082 0.03772371459804362 0.067740827190673245 0.0067246365817066854 0.99696684044721018
0.85199999999999998 -0.21612238557548202 0.18161832078074147 -2.1914361420739912 0.12562490619219857 0.11889117957974867 0.012042204468680274 0.98485443374839521
0.95999999999999996 -0.37640373106760178 0.4051187986578646 -2.2493761789733409 0.29656517552050893 0.23035201312971609 0.015099323870018128 0.92669253646192995
1.0600000000000001 -0.49062692824209031 0.59450617681923579 -1.7557786168512526 0.58059853437701836 0.44098849453395267 0.00033233896187910615 0.684422661166878
1.1719999999999999 -0.29339502632832998 0.37740834851629385 -1.1677016390995003 0.7522663005389052 0.59537353336378074 -0.013042695369356875 0.28187879831753809
1.28 -0.13638041571174409 0.18300985039228143 -0.93931005629973163 0.77568333097275655 0.62465183034656069 -0.0087943250400680066 0.089711318922367736
1.3919999999999999 -0.078029951800277594 0.11631703088621852 -0.8014256037354095 0.77879833861979786 0.62681988900527164 -0.0036955125732775328 0.023586387966003979
1.492 -0.043813615030369381 0.075439881618134891 -0.63298843091315793 0.77990531960935883 0.62587973263584729 0.0010487879928436428 -0.0045992134600267177
1.6000000000000001 -0.022861245827883268 0.04886450482291179 -0.467803287539586 0.78051045355592508 0.62494177291057607 0.0039505958595962261 -0.015349434962397469
1.712 -0.0077001573026956368 0.028281063795753965 -0.33457525856786702 0.78055336761090477 0.62481397514466919 0.0054558761187300745 -0.017724846712186049
1.8199999999999998 0.003477027143927283 0.012607231540200735 -0.24718668347503711 0.78101012212276266 0.62429194119394749 0.0057819443941149705 -0.015790200160360791
1.9199999999999999 0.010792801132372545 0.0011939822574667601 -0.18443728122210493 0.78126403437385061 0.62405806523639684 0.0057663313561841538 -0.012032839647860569
2.032 0.015306866094491859 -0.0078521575433747239 -0.1189456577652466 0.78179541006923625 0.62348217688100493 0.0061241712224215884 -0.0053297685913306601
2.1400000000000001 0.016290984516144857 -0.011790201443604707 -0.049304773790925363 0.78212876607143378 0.62308255096612752 0.006012810985068986 0.0025639947694816967
2.2519999999999998 0.016805181474573175 -0.012499644978519889 0.0050926409815807453 0.78240625657699359 0.62266108170677059 0.0056133559175848401 0.010105307134061067
2.3599999999999999 0.017373125708221946 -0.010857470879742417 0.029815679489008273 0.78242871047538631 0.62252627722907194 0.0049576754163407847 0.015548911138857388
2.46 0.016847245469313914 -0.0078061526706252604 0.036775100148734217 0.78248541741161737 0.62235507657237876 0.0040592630197164884 0.019345608971890527
2.5720000000000001 0.014188169825845229 -0.0037304689208840858 0.047493529398042168 0.7824544052809852 0.6222799074408123 0.0038693547335627554 0.022756285852057734
2.6800000000000002 0.0088772078490608891 0.001423087527590033 0.063179299205697259 0.78264317031786357 0.6219406090708367 0.0039811924603824003 0.025371181485982205
2.7919999999999998 0.0039875349780375789 0.0056579089715620926 0.074112210052130881 0.78272291199003863 0.62177300231981025 0.0045825762424385455 0.026873344172743941
2.8999999999999999 0.0019994332835759614 0.0076986802016720882 0.069642917159818282 0.78292591791357602 0.62152196168051765 0.004726114904271622 0.026741765945764679
3 0.0022587785128390827 0.0081457469636416098 0.056654948346308159 0.78318294208103734 0.6212524266586138 0.0043569614736553783 0.02551310429548239
3.1120000000000001 0.0030760926081123529 0.0084844112044497027 0.04845547201727568 0.78339262225430439 0.62105385850958394 0.0035965602236397065 0.023982680885191992
3.2200000000000002 0.0037012744517451132 0.0085840795417485745 0.048234253521722156 0.7837863085568384 0.62061431210888174 0.0033135697981644262 0.022492629451834556
3.3319999999999999 0.0040627293560819852 0.0083095503538373073 0.049652479713446655 0.78403661974235705 0.62034953348702027 0.0033257161832218936 0.021023197123284383
3.4399999999999999 0.0046905360524906866 0.0073296083400861975 0.043707362271669027 0.78432483966338262 0.62002437842221381 0.0033540337648410288 0.019825904939292423
3.54 0.0054422157335361019 0.0061967508109373884 0.032655718936216944 0.78468195366706028 0.61958994560517 0.0034960815563036579 0.019243396477249874
3.6520000000000001 0.0058595819096227686 0.0055290354757689718 0.023736816747286633 0.78499195150020862 0.61920679672611079 0.0036039775886244642 0.018910058530443134
3.7599999999999998 0.0058426461611209715 0.0052776538881347682 0.021083431159073702 0.78518296457182091 0.61896357930744184 0.0037095345247679995 0.018921918262619599
3.8719999999999999 0.0059649774312469867 0.0048899986864213915 0.021538660333644866 0.78517723351462931 0.61897090039666858 0.003834775381881466 0.01889526211043565
3.98 0.0065474296638228825 0.0042437496074993874 0.019422501850643585 0.78545406392687211 0.61862109688221101 0.0037736140875858602 0.018857671906415394
4.0800000000000001 0.007282606965252526 0.0037115237842652838 0.014487209408953578 0.78571088792220345 0.61829119757366235 0.0038291749667521977 0.018966629181384878
4.1920000000000002 0.0077647156999874987 0.0034946977544536646 0.010357891089248178 0.78584009366230978 0.61812195001968406 0.003554125058870765 0.019182551752630915
4.2999999999999998 0.0074507919378825815 0.0037891500910855391 0.0097454348576856056 0.78612934107423182 0.61774636271571792 0.0034277784625157321 0.019450984255500358
4.4119999999999999 0.0067334586802597603 0.0042568849656523019 0.011467595844634818 0.78640337266283922 0.61738378600940902 0.0034264636377233119 0.019881035791429982
4.5199999999999996 0.0062284566210195225 0.0044774559595017445 0.011594973116753428 0.78673452045313164 0.61695662438054155 0.0035213331128708656 0.020022941178987785
4.6200000000000001 0.0062378097671899864 0.0044412041782573618 0.0094948884955730894 0.78680555543835506 0.61686077585968069 0.0034867953134982864 0.020190180672222315
4.7320000000000002 0.0065221557982183152 0.0045317117318512548 0.0075472305477267201 0.7869871139221063 0.61663153286168626 0.0031636846401143768 0.020169935565089472
4.8399999999999999 0.0067591624027686179 0.0048277755117071969 0.007789360739963197 0.78725052809565232 0.6162995961586899 0.0028775815724939374 0.020078179998374253
4.952 0.0067642332814872317 0.0051124165586830415 0.0099108503265844024 0.7874166748110385 0.61608722415996198 0.002840432183168263 0.02008592545575533
5.0599999999999996 0.0066709077056840843 0.0051653243782729657 0.011064321003082132 0.78768018098530868 0.6157527931480129 0.0031339578047153006 0.019965182740248926
5.1600000000000001 0.0066303139015703111 0.005110469579969466 0.010299688185861825 0.7879661014920033 0.61539151620441335 0.0035544769276237881 0.01975019941417713
5.2720000000000002 0.0065977291300348033 0.0050674954040898362 0.009348827287296085 0.78828673737469745 0.61497580305296595 0.0038797303169659006 0.019842606461440527
5.3799999999999999 0.0064776476796626105 0.0050548141065778511 0.0094227988230430465 0.78870634251140226 0.61443427609009904 0.0038470628728704687 0.019950582827976553
5.492 0.0062805272821638905 0.0050161765125776841 0.010762470877733068 0.78911428964328834 0.61390598271392272 0.0039450271626085961 0.020062876900101476
5.5999999999999996 0.0062030875189501115 0.0049333835359691583 0.011799438178442158 0.78930890158081524 0.61366404405879571 0.00408467561950093 0.019779139004922026
5.7000000000000002 0.0062870174734847338 0.0047710110785349853 0.011566814947326066 0.78960438597116478 0.61328468371638678 0.0039845398045122533 0.019772046341705735
5.8120000000000003 0.0064213109511267897 0.0046413662267839094 0.011094091419946777 0.78986364729632308 0.61295106269281119 0.0036308672657458289 0.019830033444317035
5.9199999999999999 0.0064338464651972731 0.0045890955558452982 0.010876225416050716 0.79013846419081024 0.6125830853618518 0.0033689568363263543 0.020293374893735932
6.032 0.0062897164578776333 0.0045982897215895401 0.011587095122058537 0.79031346448338191 0.61235864998423106 0.0033500598864009482 0.020255585514192296
6.1399999999999997 0.0061922993434111399 0.0046958851378287826 0.012162095231812114 0.79051487597051373 0.61210148890910943 0.0030019572084182275 0.020223412113056095
6.2400000000000002 0.0062436760230078301 0.0047675939117819586 0.011904531014669043 0.79070187655868451 0.61185965519061947 0.0029176224455813781 0.020243325711388246
6.3520000000000003 0.0064665482268546738 0.004857046705790501 0.011499641325584727 0.79099114952817573 0.61148670250067383 0.0028066582961699619 0.020227127877110826
6.46 0.0066141551612485545 0.0049616292647161019 0.011181663331506417 0.79126435096528458 0.61114150051387828 0.0026665344856641395 0.019992069301848801
6.5720000000000001 0.0067233441728769905 0.0050135988432322984 0.011650923710661995 0.79150140972749972 0.61083745419340385 0.0028007665678361771 0.019881616144949269
6.6799999999999997 0.00676402967024607 0.0050416100841163981 0.012010780350169925 0.79166377707987601 0.61062227223814103 0.0028099265139772166 0.02002520959542993
6.7800000000000002 0.0067163706290109797 0.0050086772289332539 0.011649039882125744 0.79195884923436888 0.61024062243506194 0.0028930192729563634 0.019979847069724506
6.8920000000000003 0.006744862126895919 0.004977739894627165 0.01130038547325639 0.79218536345456103 0.6099460630518363 0.0029167819152011373 0.019991059981660089
7 0.0068502889810188065 0.004914067441375224 0.010918069688713719 0.79229455438866081 0.60981046503216529 0.0027210366971424419 0.019827551099949003
7.1120000000000001 0.0069233708465470372 0.0049014662185736819 0.011092214993886762 0.79259562457866661 0.60941471783982093 0.002768926671318765 0.019955215459980497
7.2199999999999998 0.0069658283431474092 0.0049191890629712845 0.011283296138523803 0.79286548801038881 0.60906526715941978 0.0030218194616170421 0.019866727692665689
7.3200000000000003 0.006955603097193782 0.0049416196478170296 0.01104747500820156 0.79314577094488614 0.60870182182334309 0.0031726183449628073 0.019794257602214555
7.4320000000000004 0.0069825093034583908 0.0050314651675073619 0.010992916576546059 0.79350355458277744 0.60823352356049054 0.0029162354666256666 0.019889325086362257
7.54 0.0069742227522466282 0.0050866480255636155 0.010774179152161268 0.79361332157352915 0.60809918007583508 0.003211870893603949 0.019569540042895753
7.6520000000000001 0.0069632552044946918 0.0050464406590518436 0.010973932906800769 0.7938131322624199 0.60783863164279983 0.0035957037232142411 0.019493071719704061
7.7599999999999998 0.0068843081467534163 0.0049032291814773308 0.01116160597956798 0.7941378663558103 0.60741178973699739 0.0035754431039370163 0.019575063600140143
7.8600000000000003 0.0068022978790646706 0.0047254379103045972 0.010958624704940993 0.79436833848532806 0.60711572160363403 0.0034531673671480069 0.019429848915843286
7.9719999999999995 0.0068097927144652052 0.0045777872481057788 0.010989405307763257 0.79448847078012641 0.60695696619889028 0.0032937967179583953 0.019505432147895317
8.0800000000000001 0.0068059681174638537 0.0044941678260322108 0.010915766170400538 0.7945501464835335 0.6068744572658834 0.0032050012714964055 0.019575132389966953
8.1920000000000002 0.0069097249987913958 0.0044927624202371246 0.011089284664350619 0.79496084461131111 0.60633901982577443 0.0027377950433508718 0.019564075492864368
8.3000000000000007 0.0069996959332010202 0.0045852969200692855 0.011159151401127117 0.79514337381965405 0.60609185125292364 0.0025264942101037393 0.019831786165344773
8.4120000000000008 0.0069799785742216255 0.0047097682841841714 0.01142781142902286 0.79538807834147485 0.60577694825655937 0.0022701654387183774 0.019670794140212288
8.5199999999999996 0.007000681165341918 0.0047751615799126708 0.011363358082997373 0.79568043067696226 0.60539345601293149 0.0021908850048764617 0.019662545037153367
8.6319999999999997 0.0071073619156131525 0.0049024994478775634 0.011386190226085514 0.79588584281542263 0.60512311629216531 0.0024021486948027789 0.019646094179021471
8.7400000000000002 0.0071781619163404486 0.0049891865023010944 0.01128264320793331 0.79617934590737616 0.60474082802631279 0.0025221953866725972 0.019509448966680644
8.8520000000000003 0.0072667973760538948 0.0050796326936558885 0.011347844144873909 0.7964664228951327 0.60436104222200682 0.0025347820707673618 0.019558699466344372
8.9600000000000009 0.0073623318565229244 0.0051697664147109471 0.011340706695351553 0.79667011801989596 0.60408620002886015 0.0028128924356174458 0.019714807252480895
9.0719999999999992 0.0073286130052207642 0.0051569507576653207 0.011370954465915501 0.79697499425208518 0.60368234736488224 0.0027988992316932003 0.019764821780253281
9.1720000000000006 0.0071406773550677597 0.0049728119464703974 0.011029030271703832 0.79722995489339321 0.60334550127801068 0.0029860393286609455 0.019740533867948246
9.2799999999999994 0.0069378720365169564 0.004849564932033674 0.011054706299221999 0.7975827830817025 0.60287595349879142 0.0032541987611120382 0.019791387394315043
9.3800000000000008 0.006784527754767105 0.0047361802588273653 0.010878534363613097 0.79795014191898039 0.60238949544005982 0.003054917521399698 0.019827613923171322
9.4920000000000009 0.0067035796565343498 0.0047087398481655534 0.01119893526953817 0.79833822664820098 0.60186735241699763 0.0031007554372218752 0.020053709942990064
9.5999999999999996 0.0067214505544842271 0.004723342483339053 0.011243390725630586 0.79851458624737959 0.60163887166819152 0.0029728140387886531 0.019906934085694883
9.7119999999999997 0.0067778243423209225 0.004700814627239887 0.011360948642321249 0.79891204923603443 0.6011114920320223 0.0027611555778196397 0.019922041873042522
9.8200000000000003 0.0068676082404977891 0.0047261770803193924 0.011330507498022509 0.79913833304978754 0.60080984523874292 0.0026665098251721082 0.019958563073455171
9.9320000000000004 0.0069412891155571478 0.0047625498977309482 0.011410519690753164 0.79942511859800547 0.60042981897696401 0.0028613196668578695 0.019882783698947696
10.039999999999999 0.006998960691471488 0.0048044125838479701 0.011351511543349926 0.79953402791184669 0.60029073243424114 0.0030654618104755849 0.019671748994664503
10.140000000000001 0.0069969628000445382 0.0047437047068730476 0.010977276611710983 0.7996669616721136 0.60011294126121006 0.003052745159804764 0.019694894970491306
10.252000000000001 0.0069150017976230826 0.0047287244762009295 0.011079184709816546 0.79984006688801046 0.59987644380531557 0.003372394624198141 0.019817833447920298
10.359999999999999 0.0068060453955874059 0.004615218692278631 0.011061575895057674 0.80009332707818626 0.5995365824583645 0.0032955811477079697 0.019892043736175976
10.460000000000001 0.0067148079083025553 0.0045602266485736285 0.01080130005766336 0.80027270835428355 0.59929852309536014 0.0034060405508730251 0.019831070742283147
10.571999999999999 0.0065940614334988991 0.0046186430286783292 0.011030330899527579 0.8003055248334634 0.59925039737246166 0.003410166049098275 0.019959933303959891
10.672000000000001 0.0065028703247061292 0.0046373394545758595 0.010774336872658144 0.8004040153384 0.59912777754047997 0.002972208797778945 0.019760677732137615
10.779999999999999 0.0065041410310062364 0.004630464656970772 0.010832024412006718 0.800479318336899 0.59903266014809242 0.0028341321838224786 0.01961378814909338
10.891999999999999 0.0065893946838727182 0.0046058510760089658 0.011083566563133845 0.80050706919263426 0.59899859025433733 0.002458893080204038 0.019572299066669893
11 0.0067569627901483522 0.0046303652678389845 0.011132726079981845 0.8008138196241138 0.59858467340264399 0.0022541195349458009 0.019711266108729242
11.112 0.0069566433770557714 0.0047257534092799468 0.011386262759503838 0.80108771362648568 0.5982140890977331 0.0023368947040164128 0.019822149348673167
11.220000000000001 0.0071489061374349766 0.0047911479233991531 0.011456444301741303 0.80130267646976761 0.5979260892157765 0.0023385139734981961 0.019822811856782335
11.332000000000001 0.0073078238273035093 0.0048114447066180182 0.011594408208410394 0.80143443781919643 0.59775336834815018 0.0025810233869623771 0.019674623862848187
11.44 0.0073395241306770153 0.0048218203762675892 0.011523181541229444 0.80175607079509303 0.59732731126479821 0.0027264411141973083 0.019489809625316719
11.552 0.0072958053086579194 0.0048228107248047009 0.011612115252749845 0.8020304977470849 0.59696157864433552 0.0026841189248074234 0.019410044091218229
11.66 0.0072514697993916986 0.004827594246484092 0.011610748729550976 0.80225568701097216 0.59665040484678722 0.0028415166413415199 0.019647718389023686
11.772 0.0071202858363028807 0.0048501966696740699 0.011656160263361214 0.80253465544515667 0.59627925806898296 0.0027723019501715439 0.019531706226623868
11.880000000000001 0.0070179863030671689 0.0048648298065791682 0.011560348239472225 0.80269846316401927 0.59605317357151877 0.0028982053843692695 0.019682274131602066
11.988 0.0068961778062913374 0.0047456402420326749 0.010413888802161627 0.80302304348505815 0.59562194445101357 0.002941055149132506 0.019489512949196357
12.092000000000001 0.0069266988555662145 0.0048174593745067612 0.011467111074767189 0.80322894821922253 0.59534765029980008 0.0031402297435517944 0.019353836371765909
12.199999999999999 0.0069781808101657154 0.0047309995242530399 0.011528994277006868 0.80345695116664539 0.59503443544396284 0.0030199376464975294 0.019540425647703405
12.300000000000001 0.0070413558140263932 0.0046203645326078988 0.011205916767607843 0.80371549266875808 0.59468224681835535 0.0031870141815676955 0.019602936103896653
12.412000000000001 0.0070165749053575747 0.0045423504446430478 0.011323986283930616 0.80392550640151839 0.59439452209808841 0.0031791427700968177 0.019718653810376064
12.52 0.0069188603877055645 0.004556431377786465 0.011296327704479834 0.80438974483653691 0.59376437217586986 0.0031719743889648635 0.019772387687909239
12.632 0.0067936971689721492 0.004594263198758713 0.011480098505766655 0.80468272169119071 0.59336722921771723 0.0029856837720367065 0.019802383557520536
12.74 0.0066573002181535296 0.0046300814162788494 0.011615686639710642 0.80497640294494799 0.59297796053977359 0.0026976007621223983 0.019566603334016292
12.852 0.0066160774720863489 0.0046717806834217562 0.011894183192440632 0.80532951718092238 0.59249986891380568 0.0027431703894933625 0.019512793507816116
12.960000000000001 0.0066082153845203138 0.0046725531222154048 0.01207620275783928 0.80553153856268589 0.59222474011951232 0.0025812529460292593 0.019548266021205563
13.068 0.0066612401321165613 0.0046164446067272213 0.010902196169802657 0.80566773464315466 0.59203490943368986 0.0027207737937318503 0.019666335621368467
13.172000000000001 0.0067374063448122608 0.0047368275370811329 0.012037987885075624 0.80591573700021468 0.59169205170928196 0.0025364125134680459 0.019847100821568039
13.279999999999999 0.0068719290178858965 0.004848959392615493 0.012155905285813047 0.80605722597312346 0.59149820025194211 0.0023068572505623164 0.019907434913889192
13.380000000000001 0.0070140524454408142 0.004955110577630541 0.011912392463436649 0.80636102196699389 0.591083949329959 0.0024727466913706366 0.019888504736221578
13.492000000000001 0.0071393498349270898 0.0050099139552843459 0.01217394858394419 0.80663648609132799 0.59070432776644533 0.0027710601116461551 0.019957396876419821
13.6 0.0070905302304593689 0.0049671096979384335 0.012193669454436194 0.80676642128501319 0.59053737233499892 0.0027175060198072454 0.019651171051068807
13.712 0.007071833345305061 0.0048928254384512371 0.012298058087261055 0.80704944433381254 0.59015910400956972 0.0026655447021304017 0.019399000658430476
13.82 0.0070398723135713321 0.0048222923798771503 0.012305662600934637 0.80713035332360339 0.59004608872266073 0.0029654525420004314 0.019427094945597002
13.932 0.006942969805167943 0.0046905858394074226 0.012424474191409419 0.8073323493076352 0.58977680052184656 0.003050837020797368 0.019196242369274325
14.039999999999999 0.0068649103168307909 0.0045214262808506676 0.012406456253542386 0.80753371289086207 0.58950790585430957 0.0029624512249473173 0.018998825297997849
14.140000000000001 0.0068524921820294271 0.0044208808920059737 0.012056328015479956 0.80758895061892089 0.5894348619757005 0.0028850213904368016 0.018928998322490259
14.252000000000001 0.0068492381884839694 0.0043597732970049726 0.012178410667401097 0.80783509732404224 0.58909126544550694 0.0028825652421676853 0.019121383969011627
14.359999999999999 0.0068875263752770444 0.0043440679214841703 0.012141733817108985 0.80801424964428381 0.58884567409763666 0.0028647743924027753 0.019119035958037045
14.460000000000001 0.0069186459016665576 0.0042765931443658157 0.011803050786952133 0.8082103264473246 0.58857445632641681 0.0027882882615101875 0.019193827980412904
14.571999999999999 0.007013064128257189 0.0042917355016702302 0.012016511660793473 0.8083852488574319 0.58832771945290352 0.0027151193893682809 0.019401342215273475
14.672000000000001 0.0070563159577320929 0.004398005591361367 0.01168457308020358 0.80847641853539354 0.58819884071699824 0.0027795454749688199 0.019500732763515827
14.779999999999999 0.007040691489139092 0.0044327371776275524 0.011661763060826752 0.80866986109143968 0.58792977191136164 0.0027578821216822738 0.01959676373301944
14.880000000000001 0.0069555382461260187 0.0044666958456146067 0.011438456273200079 0.80876761324119828 0.58779653090880479 0.0026127752544728806 0.019579566623871086
14.992000000000001 0.0069691259761368038 0.0045427014711442813 0.011633930536941848 0.80915211499036555 0.58727430456275265 0.0022991958872983173 0.019402569552105644
15.1 0.0069462267665805722 0.0046162325080295946 0.01165191209262348 0.80935371155788627 0.58699714403324366 0.0023609003670618258 0.019373916324400036
15.212 0.0069729256071528545 0.0047395984630159912 0.011913806614086508 0.8097152805916582 0.58649159745898771 0.0024646039672784176 0.019562622872719683
15.32 0.0069492624198676314 0.0047550794842669396 0.012047252369592108 0.80996215416352635 0.58614751831612566 0.0024324563034934747 0.019659062819927717
15.432 0.0068670279439966252 0.0048107188427174109 0.012311788100439364 0.81013211676537189 0.58591479454367124 0.0024906621308836805 0.019585798994532933
15.539999999999999 0.0068626684080863457 0.0047686431226113459 0.012206853475672309 0.81028650392393764 0.58569599499593938 0.0024368593882701972 0.019749549887539512
15.640000000000001 0.00681565479203262 0.0047484945131329118 0.011749486398353031 0.81054742243848177 0.58533696211998321 0.0024514086726450533 0.019685206374376683
15.752000000000001 0.0067726153795001675 0.0047958628468384203 0.011746129428330332 0.81083137706652453 0.5849424971309467 0.0023702231028899711 0.019726506458521125
15.859999999999999 0.0067649641351638992 0.0047553938187250427 0.011550388583411708 0.81112931950658995 0.58452450574151815 0.0026273071395936302 0.019834981260486332
15.960000000000001 0.0067728434801994711 0.0047048397548463241 0.011131953319034285 0.8111136722031872 0.58454663360981041 0.002584220935447371 0.019828406457777625
16.071999999999999 0.0067963322337714141 0.0046314603025195003 0.01104380558268634 0.81132260402515632 0.58426488177864033 0.0024754596388445764 0.019597250256263105
16.18 0.0068129163741530432 0.0045954070465342974 0.010832811847605043 0.81148337263399761 0.58404023996434495 0.0022944526716891286 0.019658828242793754
16.292000000000002 0.0068257893337403128 0.0045332722212477168 0.010830810749957226 0.81179753623339757 0.58360826276245292 0.0023956520429761798 0.019504272661796697
16.399999999999999 0.0069003348698022026 0.0046073875000440297 0.010750683696982687 0.81195426871860588 0.5833944778402701 0.0023600179208088314 0.019379861984173078
16.5 0.0069920993220875362 0.0046599572883699774 0.010432763565827688 0.81198869994648781 0.58334671441316821 0.0023229238567601942 0.019379524435068143
16.611999999999998 0.0071745888743489552 0.0046957214434576941 0.010540136322238764 0.81220174600425066 0.58304654204113104 0.0024536168150565596 0.019468779264523693
16.719999999999999 0.0072301216094615281 0.004686065799460383 0.01065899411446599 0.81234657011274014 0.58283655175376969 0.0024615675703009475 0.019711535986288022
16.832000000000001 0.0071980173913880974 0.0047408951306649894 0.010888939705312283 0.81251253401226464 0.58259906640160353 0.0026525231886804753 0.019866404347083595
16.940000000000001 0.0071191358521406596 0.0047761471372822842 0.010970417353476711 0.81273619382976281 0.58228397328758175 0.0026348882760395369 0.019957731717547403
17.052 0.007035738530945441 0.0048541759766860624 0.011189306202951081 0.81296563236033048 0.58196080692810626 0.002437887773320649 0.020063810798551678
17.152000000000001 0.0069308344703142895 0.0048149927475177367 0.010813867364362035 0.81317992741408596 0.58167341611197343 0.0023010271165682448 0.019726832327008011
17.260000000000002 0.0068609896930058164 0.0047942839352307556 0.010750711120026185 0.81323552046165992 0.58158793045224522 0.0023928799710542284 0.019943458505771842
17.372 0.0067627048630601438 0.0048238662557543478 0.010743531114456929 0.81354923612247398 0.58114408449140398 0.0022490969760734759 0.020103109908150556
17.48 0.0067224988185190853 0.0048546992184096173 0.010673061410085047 0.81362918314941024 0.58102950784649565 0.0022681081689119947 0.020177190701795904
17.591999999999999 0.0067277203937096486 0.0049344177475225447 0.010796359010262565 0.81377894456091127 0.58082953190306119 0.002068838675496044 0.019914923176725066
17.692 0.0067366369400632727 0.0049087389491607753 0.010538657319663861 0.81394050352613556 0.58060704261326668 0.0019724507353178671 0.019809801250743348
17.800000000000001 0.0067647838189272549 0.0048574927015340641 0.010642300054867089 0.81400640938464652 0.5805086804505275 0.0021116977007972141 0.019969430014974764
17.911999999999999 0.0068061265163097667 0.0047949808614656947 0.010936056548098122 0.81410427255391271 0.58036733867565871 0.0020478334955143715 0.020094576033656407
18.02 0.0068698682097305171 0.0047567548589791519 0.011075256821832911 0.81427659271809794 0.58012852214453337 0.002179374023107178 0.019994466101198791
18.120000000000001 0.0068965527549684673 0.0047324523569543097 0.010896788795325366 0.81463682261702042 0.57961961736436973 0.0023968492479032287 0.020054962391130492
18.231999999999999 0.0068242088766407817 0.0048145765388118216 0.011169253132172693 0.81477286215807465 0.57943502931799806 0.00249205041786363 0.019849926314840505
18.34 0.0067365880265367736 0.0048119056387744327 0.01131112251861727 0.81502256809087692 0.57908762679008241 0.0026810005321083489 0.019711576226391248
18.452000000000002 0.0067399355683619051 0.0047491504010689911 0.011585751835534577 0.815286079121466 0.57871798484252857 0.0026654337881297108 0.019672281852153816
18.559999999999999 0.0067478846273145753 0.0046855368363041949 0.011680176351185007 0.81540495819924608 0.57854627412926185 0.002666017610041177 0.019795332412906895
18.66 0.0066907040872891651 0.0046134296601223687 0.011547062376907363 0.81567089540536164 0.57816483337242008 0.0026054509663934644 0.019990684463495112
18.771999999999998 0.0066795286627575222 0.0046820344106150878 0.011837470566833909 0.81575917845176504 0.57804418447470374 0.0023404520292500531 0.019909943520125185
18.879999999999999 0.0066360566291242011 0.0047853991009391668 0.011844345271533096 0.8160182215305587 0.57768115424770394 0.0022732081924177719 0.01983881754687139
18.992000000000001 0.0067136813120416026 0.0048311272262908647 0.011841800872613039 0.81623325631051424 0.57737826781102897 0.0023538535512466984 0.019800669830305054
19.100000000000001 0.0067476985600796987 0.0048136804156739352 0.011604922349323138 0.81636525297126106 0.5771855168592851 0.0024074997838369654 0.019971399896827197
19.212 0.0067516389523781676 0.0048104857468906749 0.011644001182688763 0.81673735101194778 0.57665400811697309 0.0024673669687145794 0.020103892281284653
19.312000000000001 0.006639227120046348 0.0047443729249612571 0.011258568304704366 0.81685833966935495 0.57648136484512569 0.0022897101758634171 0.020160509076802231
19.420000000000002 0.0065633725947664007 0.0047905653962961592 0.011259733375615198 0.81708458757836133 0.57616197780007294 0.002112396182385077 0.02014174425851957
19.532 0.0064883346196813897 0.004910967852853625 0.011230747286107101 0.81740376444774876 0.57570277033855721 0.0023650905210263282 0.020293162345643972
19.640000000000001 0.0064942193422380667 0.005035621715230856 0.011014912290722727 0.81753615361851939 0.57550587279355558 0.0023209399061036532 0.020548507116486488
19.751999999999999 0.006565480698622346 0.0051733325036005971 0.011063829948640511 0.81784753270581778 0.57506266121182414 0.001805227453398086 0.020617712793185916
19.852 0.0065887115575638203 0.0051892964010915232 0.010680479296219729 0.81805217208055969 0.57476917211418377 0.0016940709278262123 0.020692333487197338
19.960000000000001 0.0065885188929359385 0.0053065037021856592 0.01063386712899575 0.81819213651357525 0.57456976866770204 0.0015329102329649745 0.020708907907272044
20.071999999999999 0.0066297627135964415 0.0054217743121373107 0.010744877642153965 0.81841008482558086 0.57426437292358734 0.0015570302836672718 0.020565473570041206
20.18 0.0066890782380062668 0.0054985559622223509 0.010761511392491862 0.81870491013774083 0.57384913400187842 0.0016312012455733959 0.020415207668395368
20.280000000000001 0.0067327356888355894 0.0055234477594131703 0.010579796110045076 0.81886358034144446 0.57364022466609399 0.0016751155970970125 0.019912895900884731
20.391999999999999 0.0067813019669807992 0.0054880520380507147 0.010818759006885505 0.81904265779799246 0.57339461503574063 0.001995534208151635 0.019589742173870307
20.5 0.0068362568203790162 0.0053493509330425704 0.010851221412756762 0.81919337069876486 0.57317993109472121 0.0020947192506111509 0.019560167297521462
20.611999999999998 0.0068523690942033678 0.0052168238248112607 0.01091582323974781 0.81945447800149895 0.57281108520864488 0.0024271584596992448 0.019388863999622159
20.719999999999999 0.0067823300645394142 0.0050873445269527051 0.010810754491837224 0.81979457058022542 0.57231331193152601 0.0022563303395984175 0.019729267765160236
20.82 0.0067536848091056161 0.0049438745174553034 0.010444842570729569 0.8199646742248452 0.57207954699868324 0.0022844531945788839 0.019434664975909049
20.931999999999999 0.0067399042375474493 0.0048564130413348656 0.010442527915106581 0.8202882933897645 0.57162118889113689 0.0021748406457192905 0.019276986449018551
21.039999999999999 0.0067344849730058762 0.0047335619586937657 0.010326438318540599 0.82043026338974556 0.57142869759661108 0.0022338973090248442 0.018932410836588809
21.152000000000001 0.0068321258821488432 0.0046275025724547957 0.010419404624209531 0.82064620871612404 0.57112478172320913 0.0020212491594530989 0.018766948960950804
21.260000000000002 0.0069892877113357302 0.0045587627415438247 0.010399571939724499 0.82084397806515708 0.57083576378935819 0.0016434793893445418 0.018947121910298004
21.372 0.0071235544402145122 0.0045717379548178049 0.01054995755410734 0.82097115196356385 0.57063899138196472 0.001535036945053967 0.019368862118594843
21.472000000000001 0.007147103990096295 0.0045806114661748757 0.010299244898279011 0.82128578880426206 0.57017863918847422 0.0016093924192908456 0.019580152639349667
21.579999999999998 0.0072190809444700309 0.0046619690481224611 0.010414849488203162 0.82146584817714496 0.56991589689627076 0.0018629664126227716 0.019653500951925723
21.692 0.0071953736135124081 0.004809788035474466 0.010533450513584945 0.82160632725625249 0.56971371221315226 0.0018797131557320688 0.019641685448354623
21.800000000000001 0.0071170855243885478 0.0048722680030203816 0.010515534701921398 0.82176397128503265 0.56948940424894445 0.0019656838513380484 0.019543030292912874
21.911999999999999 0.0070247185017753453 0.0049036727342980767 0.010774182297075443 0.82193952585373853 0.56923784959609613 0.0021354930627629351 0.019471160620813315
22.012 0.0069376671881111185 0.004783441056079492 0.010486234016724473 0.82202309675777663 0.56911530021894197 0.002136970867756239 0.019525286399122543
22.120000000000001 0.0069559888033544339 0.0046950907154496239 0.010515719072066455 0.82219347905595952 0.56886230656577219 0.0021482534342507431 0.01972166761985264
22.231999999999999 0.0069032351413514442 0.0047273847706131448 0.010632485276030041 0.82218022619458919 0.56887742548270315 0.0023911597648017492 0.019809916349237563
22.34 0.006802688834183424 0.0047558623605818261 0.010582319139920124 0.82236977784094689 0.56859495266384807 0.0025493139485231126 0.020030708859613208
22.440000000000001 0.0066410753727165588 0.0047217965638285259 0.010312022051722318 0.82250621187164819 0.56839473362377579 0.0023184396383168853 0.020139092803557579
22.552 0.006510980217571411 0.0048051823592550379 0.010386352799962542 0.82282990972062409 0.56792792573638295 0.0021273357998974288 0.020106846602896078
22.66 0.0064622208156543967 0.0049249016537886931 0.01026287085416 0.82288374577959411 0.56785636827455488 0.0023169710509551833 0.01990270300549847
22.771999999999998 0.0064710866604498953 0.0050006628992696313 0.010303115414733378 0.8231692349664953 0.56744362056623932 0.002143613364216387 0.019888514401441255
22.879999999999999 0.0065342845938965296 0.0049973830833581166 0.010221065931776931 0.82331106314047775 0.56723623857383021 0.0020843762150241684 0.019939867976048412
22.98 0.006600174641944216 0.0050083876695408338 0.0099493391518916206 0.82350672460877983 0.56695581593075151 0.0022485547981041338 0.019817197272415179
23.091999999999999 0.0067027486781023144 0.0050662101980391448 0.010134341459084555 0.82363534529396421 0.56677989436297793 0.0022743424400913062 0.019498633153328324
23.199999999999999 0.006681475018115667 0.0050575100682275767 0.010246269658441704 0.82378338277907825 0.56656769741669721 0.0025155823891100148 0.019381804514620609
23.312000000000001 0.0067323653921112165 0.004995125849373316 0.010501218661767401 0.82391926072329658 0.56637278022754045 0.0025953392372804482 0.01929222228632561
23.420000000000002 0.0067680592310647254 0.0048689707841566583 0.010571419475513407 0.82427351879701605 0.56585459317379627 0.0025994387646244804 0.019364620115321789
23.532 0.0067352132291053886 0.0047079619584915796 0.010743413053616913 0.8244618189191778 0.56557837522427912 0.0026764519353062247 0.019407401376340512
23.632000000000001 0.006687487407253211 0.0045459771880728295 0.010409680900092399 0.82470700905888628 0.56522181848869391 0.0027635795026305903 0.01936511662272121
23.739999999999998 0.0066163178685381451 0.0044581709863086242 0.010310446582347218 0.82489636661415211 0.56494645526462539 0.0025834799127949677 0.019360079086719304
23.852 0.0065162935444827352 0.0044635185835531126 0.010310155178126144 0.82499655696416263 0.56480028867283305 0.0024264511234117978 0.019375945068716829
23.960000000000001 0.0064874358058214544 0.0044842265623081003 0.01026685860570469 0.82515521349992027 0.56456328025886593 0.002169923597339786 0.01955678012431139
24.071999999999999 0.0065052864962424732 0.0045195210727007771 0.010544200754649626 0.82545925119867347 0.56412454333974726 0.0020595894688105725 0.019397997408634082
24.172000000000001 0.0065514124227724173 0.0045111513840402368 0.010315119146301109 0.82559623115531011 0.56392545613999234 0.0020019480753020649 0.01936324413293174
24.280000000000001 0.006618519928017574 0.0045331635272133543 0.010399333318603286 0.8258108857076909 0.56361141161074868 0.0017953468002164632 0.019373551008616659
24.391999999999999 0.0067459062883343012 0.0046492668554419542 0.010541288964827167 0.82602751950065756 0.56329015219999867 0.0017713357869649339 0.019483424535259485
24.5 0.0068958052613126916 0.004779620898226639 0.010473256334659292 0.82625221850479369 0.56295493086481441 0.0019090372367681315 0.01963091459218002
24.600000000000001 0.0069593578144768343 0.0048544382628699203 0.01017203168914645 0.82640426913024323 0.56273578578388994 0.0020571393371795897 0.01949839837632876
24.712 0.0069725665745566162 0.0048959419334756631 0.010317340565213932 0.82666555381240736 0.56234841741822872 0.0020708659202586612 0.01959671098878929
24.82 0.006955087323040011 0.0049080585809935066 0.010373206605144675 0.82676280196317675 0.56220747529913018 0.0020370536575693345 0.019541607410071271
24.931999999999999 0.0067521040202498765 0.004853932138448403 0.010650378118495856 0.82701996114923249 0.56182387830751312 0.00219033396346999 0.01967526521685499
25.039999999999999 0.0041509536104297994 0.0070019834612760528 0.011541865725724691 0.82748920948443427 0.56120572469423025 0.00071842294242359861 0.017584840793249772
25.140000000000001 0.0076042947705592849 0.011351597553192837 0.013151516156297241 0.82970900968943539 0.55807780404857477 -0.0058887571271743081 0.0098714947192691024
25.251999999999999 0.02968863088189206 0.019833755148643703 0.017582984293621522 0.84004321432792228 0.54201021075012767 -0.022477660445638963 -0.0068617989699164697
25.359999999999999 0.092175688034002501 0.031378585473230018 0.023986904249421223 0.86323902380735418 0.50165907966036338 -0.046809000171596435 -0.031072062586466324
25.472000000000001 0.20625647416539789 0.045980687228941081 0.030579496521951324 0.89206420862450531 0.44178487270881539 -0.074359059072876516 -0.059315295418516191
25.579999999999998 0.37317781379991655 0.055378596916974665 0.031820038691241427 0.91725136593868994 0.37554162666992241 -0.10104621485499823 -0.086070208464904457
25.68 0.573194962852006 0.053183910558267995 0.026504368065978008 0.93287974361779324 0.32078193607800876 -0.12334231995365712 -0.10780076781773397
25.792000000000002 0.81370931648592515 0.041485839072800741 0.018999975140009787 0.93711119113632624 0.29485695016721708 -0.13888917545325788 -0.12486709465289979
25.899999999999999 1.0706532227861052 0.021304575827774251 0.011742111020542838 0.935202761032213 0.29204613408887398 -0.14713143987553876 -0.13585724390557455
26.012 1.3501166612029643 0.00044533604246628023 0.0065636537370001953 0.93187290900733 0.30105656616566723 -0.14750001746601776 -0.13864187777968554
26.120000000000001 1.6245164941939481 -0.012962273812569442 0.0049470195369646511 0.93236423315043371 0.3060440069331945 -0.14045728549562655 -0.13155133413720119
26.231999999999999 1.916318794140488 -0.020870439054979612 0.0043563979405844382 0.9357806853155759 0.30568825271719452 -0.13011082199637566 -0.11806936580013587
26.332000000000001 2.1596626563058341 -0.016342677520910766 0.0082799925726433146 0.94449872627982823 0.29253475752509422 -0.11327264673032006 -0.097544242260749398
26.440000000000001 2.4250222194015372 -0.0086073314588106121 0.01212937779276918 0.95331198127771277 0.27648874535634815 -0.095479487373221289 -0.075059360073081061
26.552 2.6964319280570019 0.0042090269916752682 0.016856581303470109 0.9615600319869767 0.25834530626730257 -0.077103440357830691 -0.052106305758935288
26.66 2.9532166693860535 0.023695571253339855 0.022104287008359026 0.96774578333304473 0.24255081527268232 -0.060642615898649027 -0.030978605337186105
26.760000000000002 3.1937388251458199 0.047902220240693891 0.027161483176031086 0.97048908812738888 0.23561733555740183 -0.049348675329830567 -0.014145997797613455
26.872 3.4611201919118297 0.075802230078492031 0.033051755597657571 0.97189182925865936 0.2322591163557837 -0.038495805877861354 0.00021913397922184092
26.98 3.7209869417758781 0.10836135734390803 0.0386085965215235 0.97135195959985099 0.23531239521520356 -0.031314361462143225 0.011084133066282182
27.091999999999999 3.9906525270874891 0.14574234732685415 0.043475536793915442 0.96957168408995675 0.24266448705495205 -0.026146117418380223 0.019002017715648811
27.199999999999999 4.2518363099662944 0.18522592380737712 0.046819677804968332 0.96696634169603091 0.25267480607484777 -0.023038155529479198 0.024510809693520784
27.300000000000001 4.5008972337837116 0.22378524576083852 0.049049826000161077 0.96398911846531821 0.26348579844899983 -0.023554924083692159 0.027301630859032876
27.411999999999999 4.7767787380658167 0.26632153847904833 0.051603055258852816 0.96046685829219725 0.27598756239163935 -0.023306305670464891 0.02812642251392445
27.52 5.0478486195810275 0.3089379023137529 0.054558714563824169 0.95683008420086724 0.28826496139021612 -0.024497509334275688 0.027917271343652253
27.632000000000001 5.3286451524244081 0.35562413311628222 0.058393275863683564 0.95290814744834185 0.30088320514009159 -0.025876455892042335 0.027672521057207959
27.739999999999998 5.5994097448653335 0.40497053951637696 0.062456987357333203 0.94902818729353433 0.31285193909207309 -0.02664450694894634 0.027554204363861138
27.84 5.8557095317417831 0.45618613409266245 0.065699417615509181 0.94510108740921361 0.32423562718734444 -0.029908937761106709 0.027579849208307292
27.951999999999998 6.1360617440269571 0.51809907218600482 0.069121406540093563 0.94052562547712948 0.33715539430634062 -0.030758888987433869 0.02813678480652031
28.059999999999999 6.4087407460500527 0.58426796716904272 0.071684575074219492 0.93587867911104106 0.34961194516946725 -0.032627261558197146 0.02894905151135101
28.172000000000001 6.6892626278000824 0.65821138852832428 0.073948138732587723 0.93092769403682263 0.36241428092647271 -0.033410718878616942 0.030219882856241234
28.280000000000001 6.958553915788916 0.7349370187731793 0.075910999681005786 0.92580693851866658 0.37515053155931988 -0.03380368643503924 0.031637035968222489
28.391999999999999 7.2424209670088171 0.82162183401060729 0.078446338440943231 0.92028265265721365 0.38821831101069937 -0.036023478528479494 0.032690842890781426
28.492000000000001 7.4893311639693652 0.90322693318728686 0.08042881456745489 0.91535401755211399 0.39952851838854142 -0.036319822501629961 0.034421737883354349
28.600000000000001 7.7564429646777757 0.99815108049367052 0.08320983548758222 0.90992987576051099 0.41154058190651149 -0.037032105724030567 0.035924835255777665
28.712 8.0284854818427807 1.103171808260561 0.086118973065965845 0.90426007983380541 0.4236544109234458 -0.037266780611559878 0.037971504933533191
28.82 8.2869266060285067 1.2121640254281367 0.088343683898028921 0.89893227601923198 0.43460386554197034 -0.037129139675362313 0.040763588824186889
28.920000000000002 8.5273026682740998 1.3233848724680692 0.090023339156921109 0.89368289240249399 0.44489904871239233 -0.039193516446603911 0.043122993292095964
29.032 8.788541879999876 1.4528989618709842 0.092428576368927651 0.88796094165457018 0.4560073471466774 -0.039560335398538281 0.044918206857949984
29.140000000000001 9.0409335953230592 1.5878426438487501 0.094499180488704884 0.88204609673318723 0.46705224540095791 -0.041186634195687404 0.046481657320956306
29.251999999999999 9.2992175638102221 1.7353373069718352 0.09649817061883946 0.87575870186596216 0.47848547523345492 -0.042501931501408401 0.047874125739366703
29.359999999999999 9.5455407617546726 1.8845305560669214 0.098146763037410295 0.86963233910525384 0.48936727211008124 -0.043364802687498705 0.048772550248436422
29.460000000000001 9.7744917465855359 2.0310003955420686 0.099602403408331278 0.86410092127466864 0.49872059828225879 -0.045741707952562556 0.05015036245967372
29.571999999999999 10.020853010956818 2.1977551318024116 0.10244489786506718 0.8577427385127897 0.50964728318914776 -0.044319585784838182 0.050722929552228915
29.68 10.257845718144182 2.3676180666738094 0.10474862569051606 0.85111470518621113 0.520649482442893 -0.043857258144558882 0.051033478774010446
29.792000000000002 10.497752695864046 2.5507490582986865 0.10661267424018425 0.84416248113861514 0.53184115554884559 -0.042788570885303537 0.051998354819731085
29.899999999999999 10.723247944992949 2.7321665327432694 0.10838092936467501 0.83751027528089672 0.542354406760582 -0.040946082185410813 0.052456216218467841
30 10.931118427445664 2.9069501788571572 0.11020141931393031 0.83087694065079865 0.55242315565391487 -0.040716782624476991 0.053050072618709802
30.111999999999998 11.153392905642633 3.1032179160336097 0.11263626909548416 0.8250667981387303 0.56109349473592607 -0.038464752375488527 0.054399738959122493
30.219999999999999 11.359599240811875 3.3007548020873325 0.11495204037005681 0.82070024919103957 0.56726643941815802 -0.037069764734215353 0.057321202274202385
30.332000000000001 11.561956124060185 3.5123457607152098 0.11771503696204334 0.81766972470508004 0.57138185946613163 -0.034593190403210392 0.061174366784390456
30.440000000000001 11.746590927322085 3.7249636732191549 0.11974264949367618 0.81635526828401561 0.57286800340151567 -0.031864134553250135 0.066113565573684738
30.552 11.931184171177904 3.9583149442681909 0.12159022676933878 0.81555122672982827 0.57335901738413608 -0.031126454558132979 0.071880300433499619
30.652000000000001 12.080964728910002 4.1700913300133431 0.12220036668822837 0.81590868683192574 0.57237336730119281 -0.028070116608904915 0.076771164574065506
30.760000000000002 12.236323807388315 4.4072990784588884 0.12312752233088051 0.81659448961556513 0.57098607749927388 -0.026031225009644391 0.080440749349968671
30.872 12.38730751341771 4.6575115378197349 0.12417054537937075 0.81809462380480091 0.56860128189039516 -0.023572061344096215 0.082813807171690762
30.98 12.524424891519876 4.9032732584007457 0.12502634346506084 0.81993004666434777 0.56603515754806877 -0.020392758120985462 0.083084621999209754
31.091999999999999 12.663957286672572 5.167745719606561 0.12551997180164287 0.82255429725344331 0.56217052227171571 -0.020028815111020729 0.083472022402047347
31.192 12.778693424873827 5.4005191237206676 0.12530041626055699 0.82621670486750753 0.55703516403845788 -0.017306128549095634 0.082330313598136529
31.300000000000001 12.896350784769107 5.6582593846716085 0.12611845294211507 0.83008441139866818 0.55168344175614259 -0.015099238554503229 0.079857767562689627
31.411999999999999 13.013311221384509 5.9281550787960393 0.12683681070862721 0.83670931120364678 0.54190497775607049 -0.01429208880641839 0.077796271285068747
31.52 13.11361839222627 6.189385835448066 0.12760258474103392 0.84581580967790593 0.52748673359683562 -0.012723475923694006 0.078685927195830591
31.620000000000001 13.190366740773159 6.4422882214784938 0.12969019280381511 0.85558391560748226 0.51107473578901885 -0.010610548358949385 0.081646763900809327
31.731999999999999 13.265644783600575 6.7338421911532711 0.13275550550319529 0.86725381791204503 0.49107529068996658 -0.0073211359287314454 0.081622761282979572
31.84 13.339732357534254 7.0368417465119268 0.13243558385425611 0.87915909016219018 0.46932295366826665 -0.0096891227014567153 0.081984024337421371
31.951999999999998 13.41744603135851 7.3618794340809428 0.12991115737450834 0.8927123334835263 0.44301921514933962 -0.014021591200513328 0.081253059235112959
32.060000000000002 13.49022333254976 7.6759854406621537 0.12846497578933894 0.90707447866311697 0.41342603048502807 -0.016487040480238753 0.077607892457073793
32.171999999999997 13.5645040904748 8.0108301699895303 0.12951188777900272 0.92272613180593654 0.37841212360185406 -0.01708372763866298 0.071336502882851954
32.271999999999998 13.645194383033839 8.3069626483138101 0.13050094447447402 0.93635813929034406 0.34560800751071874 -0.01853081156192897 0.058695392937185842
32.380000000000003 13.755834850346215 8.6360731912381805 0.129912923195135 0.95150229038674528 0.30378689519571317 -0.022660137046518373 0.042935205661071799
32.491999999999997 13.897425685219138 8.9689786374834437 0.12834396694112341 0.96867528883672538 0.24537861056806268 -0.029846521715113643 0.023805617284201722
32.600000000000001 14.04443041581543 9.2695425311926076 0.12816529431361395 0.9833950795957288 0.17817579267206946 -0.034149213370163904 0.0046190430597745896
32.700000000000003 14.182840431415272 9.5397614272139055 0.13081026520631897 0.99144670725882345 0.125900081003394 -0.03252268366478564 -0.011174583491791979
32.811999999999998 14.352552625779134 9.8263642535506044 0.13360520699903941 0.9955635496424573 0.085516322422553429 -0.025631736790996274 -0.029718534481172027
32.920000000000002 14.554831037683137 10.08441867818339 0.13088660419346773 0.997179703548289 0.052783317117244322 -0.025189888604542909 -0.047032220631573356
33.031999999999996 14.782577635093086 10.330881797458229 0.12494443782369918 0.99760640005682177 0.016128044377193392 -0.030161770792418753 -0.060096791369428727
33.140000000000001 14.981106257503571 10.556808607659214 0.12442187489622099 0.99731370840196598 -0.011830760174713725 -0.027135488653987318 -0.067000488078188439
33.240000000000002 15.154017647225096 10.769361112228118 0.13097970361606201 0.99725669729348565 -0.023400824483631049 -0.015883519583028298 -0.068404641088380666
33.351999999999997 15.367494214968284 10.992199152068995 0.13603470038600066 0.99721886612403288 -0.024859668507127539 -0.003496381812730813 -0.070173394119373775
33.460000000000001 15.614666574629142 11.196603622623208 0.13442122537677714 0.99724524178130103 -0.023472182742100035 -0.0050856223648401908 -0.070179205089808544
33.572000000000003 15.87303006572678 11.402979789685766 0.13014412854244359 0.99732775987226341 -0.030334512999093448 -0.01318428772321399 -0.065140857121406062
33.68 16.084548067393744 11.609914172070892 0.13381011064217355 0.99749447516332179 -0.045281110553963638 -0.0090300357620827793 -0.053598987861559061
33.780000000000001 16.271174149222155 11.813583159000736 0.14400572865519623 0.99709936317661407 -0.065136432379136175 0.0020742122126611406 -0.039316698404178403
33.892000000000003 16.51047788481441 12.025097129487571 0.15095699777971178 0.99653346733522541 -0.07694708555459065 0.008720493107595588 -0.030399794496797729
34 16.78527357257132 12.218045571524961 0.15016680420570416 0.99631827287404873 -0.081804581994373418 -0.0010427495760235918 -0.025628542200440085
34.112000000000002 17.062420976472708 12.416881406764293 0.1481145660609654 0.99599178347447648 -0.086233416902895155 -0.011225004641453333 -0.020932375196852343
34.219999999999999 17.294441722288916 12.615604458117231 0.15469799160722622 0.99592354106899172 -0.0888060545701604 -0.004447551967428502 -0.015165892581002136
34.32 17.511605876347438 12.793823572554833 0.16327470749860409 0.99598547330884335 -0.088665318341479782 0.0053051473083986968 -0.011101967987658499
34.432000000000002 17.781648011737872 12.96846772991581 0.16572957412838446 0.99621795482144571 -0.085810403808221122 0.0055385658597568842 -0.012477394674468846
34.539999999999999 18.056319124942167 13.130601136751695 0.16113866900596036 0.99585862639538392 -0.090146693374011308 -0.0058054762918525746 -0.010269681234355515
34.652000000000001 18.304694944803927 13.309027731405559 0.1606328213500795 0.99489115004633466 -0.10056394788241831 -0.0083877342659012411 -0.0028526934058679915
34.759999999999998 18.51567349089952 13.495621558043426 0.16980705298645318 0.99371802836215295 -0.11173299203961878 0.0027611662278389428 0.0057091644722558049
34.859999999999999 18.733891729655046 13.667026054219237 0.17854127344106593 0.99311929302078594 -0.11632120902698423 0.0086115823745659455 0.010454033164294796
34.972000000000001 19.011250548360547 13.839994569427983 0.18093861214753779 0.99317851783049738 -0.11623916791407014 0.0024153267918855478 0.0088912180913965355
35.079999999999998 19.283386171105956 14.008338128606084 0.17736485758623483 0.99248072062299486 -0.12160315006467845 -0.010375267524310849 0.0093298933437848831
35.192 19.525769860072646 14.198304266268105 0.1790334737394107 0.99137857361550852 -0.12999618760278836 -0.010003014587376147 0.013017476098857683
35.299999999999997 19.744528047426844 14.386783985920145 0.18689601792002206 0.99053082101483081 -0.13635424186082501 0.0015573167643262026 0.015930728506238015
35.399999999999999 19.980789910140267 14.544246962811757 0.19025670023007185 0.99032879758280423 -0.13793750053697548 0.003634596517945763 0.014453661541627139
35.512 20.275455900212847 14.697709099498734 0.1875594312401303 0.99026661896015944 -0.1389096822096561 -0.0059205915875515085 0.0064086002277545656
35.619999999999997 20.556397230860107 14.846914686698348 0.18421171459832542 0.98918645451551723 -0.14572145892113084 -0.016589355976153651 0.00045593992259102928
35.731999999999999 20.80838507265355 15.012784951860818 0.19076834733156112 0.98844802753526184 -0.15115398905535415 -0.011042750976748814 -0.0010129684933825804
35.840000000000003 21.045679556232276 15.166465463717442 0.20064871392767647 0.98879999122353135 -0.14920308653552453 0.0020987611781573615 -0.0029345401910792976
35.951999999999998 21.334654737863687 15.305274420776186 0.20256953379417791 0.9894712810136097 -0.1445444078296278 0.0014081823898369266 -0.0071774115685409529
36.052 21.607542508466995 15.416312225632446 0.19681758054232229 0.98923764127544345 -0.14552002081780577 -0.0090899602072335422 -0.012255009115149897
36.159999999999997 21.88316713763545 15.550492833665269 0.19445569801780568 0.98904125767525197 -0.14652434043327126 -0.013645666503413327 -0.011908151091900371
36.271999999999998 22.138716849564659 15.694801745211588 0.20183455777839782 0.98932210734022796 -0.14543391010625867 -0.0035999129472604903 -0.0088196567884759724
36.380000000000003 22.394301271971649 15.82251823120937 0.20883816789941984 0.98966963757645532 -0.14307681232325972 0.0037072299384538097 -0.0083241024071649284
36.491999999999997 22.691617822948384 15.947590663449299 0.2093674239463573 0.98913482239114092 -0.14679885856738478 -0.0039941147590757623 -0.0068150791521216902
36.591999999999999 22.953328162160073 16.065913463791315 0.20774638540515283 0.98849217396375078 -0.15087969800398929 -0.010313837129302884 -0.0034876218706262146
36.700000000000003 23.223365684526218 16.201039911487424 0.21087487900527491 0.98869797553230399 -0.14966679252670473 -0.0086448214338671545 0.0011964344813176694
36.811999999999998 23.496966448049214 16.333493990606126 0.21683474521915128 0.98917307819183342 -0.14669702457161238 -0.0027349364816404678 0.0030206762106736182
36.920000000000002 23.767461736672605 16.45118632508176 0.2187510656383381 0.98893934460885047 -0.14822236691251095 -0.0039157054671522086 0.0037107791856136447
37.020000000000003 24.019238292472675 16.568384849477226 0.21808749055093124 0.98779222588989635 -0.15528545275013886 -0.0091260042812968869 0.0083464172868116006
37.131999999999998 24.28448705156115 16.711295208401094 0.22094969522361793 0.98624270100615852 -0.16455305044832935 -0.0071612892192556739 0.014012288783218554
37.240000000000002 24.546109230322443 16.85045809844852 0.22713312932260155 0.98612088527004527 -0.16510956509679334 -0.0018647319144879798 0.017348023595115589
37.351999999999997 24.838259422973731 16.977081903111557 0.23142488246953388 0.98696577060113666 -0.16029296349870081 -0.0029173011158214039 0.014007957335306931
37.460000000000001 25.127044978303001 17.089512829216524 0.23048164920223527 0.98648482739421872 -0.16322724396371552 -0.011156450569145096 0.0089490647391889631
37.560000000000002 25.375731078659008 17.207239745248479 0.22989114701755495 0.9855657851983417 -0.16823094005329053 -0.01579704546512168 0.010434903436791165
37.671999999999997 25.627475008821992 17.35311966287512 0.23567039326388284 0.98398463678283643 -0.1775132509961459 -0.0080962705535076833 0.014061674838122019
37.780000000000001 25.888033108358933 17.488798894913742 0.24206831124549208 0.98347275411402879 -0.18038150542306813 -0.0013469190650412955 0.015557642035564281
37.892000000000003 26.194751726369912 17.604167202941007 0.24309015447660431 0.98440020958056529 -0.17551968796933456 -0.0060283891801905963 0.0106172047535491
38 26.498565683395288 17.705335782263738 0.23926911812212751 0.98371073232763595 -0.17888614098839059 -0.017244177214709208 0.0039474064771122227
38.100000000000001 26.750936649613639 17.815364132779766 0.23931436024574146 0.9829886504356522 -0.18249312777271842 -0.020244387716538751 0.004442543911764062
38.212000000000003 26.99850852417871 17.954223438631313 0.248121221540655 0.98148273225950644 -0.19115455520307903 -0.0089203240303626606 0.0084858777224562885
38.32 27.255548629167226 18.083659070082032 0.25549736524752781 0.9807679383880612 -0.19487266462410005 -0.0003742048774208725 0.010897503523506925
38.432000000000002 27.56093736080534 18.195240765510977 0.25483192300925989 0.98082644043794065 -0.1945829924107299 -0.006284153704722766 0.0088012620992693451
38.539999999999999 27.860536575521923 18.300915724884284 0.24961000073067702 0.97960621992400543 -0.19999541489194503 -0.018169543979612436 0.0065844954227984396
38.640000000000001 28.110721108817319 18.420092114115057 0.25074466651690536 0.97898421806001379 -0.20276862780362448 -0.01914012927781665 0.010413444160652326
38.752000000000002 28.36370109278382 18.558992047703136 0.26016631058301054 0.9781060051969046 -0.2075345586705192 -0.0067060697656215638 0.013895257589703142
38.859999999999999 28.627111498551582 18.679309838165992 0.2657424457899899 0.97762086102789969 -0.20991339306457577 -0.0014315241856397072 0.01384811300108647
38.972000000000001 28.92632024219796 18.791216163683849 0.26424117742575581 0.97629217837834203 -0.21597404553466185 -0.0092903266159097709 0.011067245548597929
39.079999999999998 29.213391307769164 18.907030036365128 0.26263610284285305 0.97474172622961175 -0.222559550955549 -0.015766311336287472 0.0098608748206200306
39.18 29.467173878331852 19.027004561733737 0.26647572274246101 0.97362417790043088 -0.22737932371685399 -0.014849242828250446 0.011580299702670898
39.292000000000002 29.740366597479252 19.158270935078381 0.27379642572705376 0.97170918775883963 -0.23577219384887421 -0.0079201351213293632 0.011401688138376382
39.399999999999999 30.023161323444533 19.273494578453114 0.27670509164347673 0.9695689003445791 -0.24453312461706705 -0.0073524501959318055 0.009254184228439849
39.512 30.330956387981676 19.38085722283537 0.27476948302353799 0.96711245113368871 -0.25395325265262575 -0.013204220584738035 0.0051866066064053676
39.619999999999997 30.620918314991727 19.484834171637516 0.27359893243815686 0.96470431421327396 -0.26280795077732 -0.016428879769761665 0.0027674999608212525
39.719999999999999 30.882931814038159 19.589619672404773 0.2773652551134031 0.9627714328500705 -0.26990981855267643 -0.014425358612449406 0.0034303010925344352
39.832000000000001 31.170231920357352 19.702220062880013 0.28402361924130326 0.9601679260646574 -0.27928295846523299 -0.008559865106588363 0.0023046858697577674
39.939999999999998 31.462302303531338 19.801614472696087 0.2873909470971388 0.95747352670390729 -0.28840567443793208 -0.0081363802169106009 0.00064181784725829275
40.052 31.773871392733117 19.897251909335257 0.28777560235859784 0.95433399310241518 -0.29851980115678839 -0.011313865140096541 -0.0021340998341591267
40.159999999999997 32.072521824993942 19.990860362873576 0.28873620308834891 0.95092912642020599 -0.30914350784072597 -0.012296120435342263 -0.0035907531068039571
40.259999999999998 32.34976903797461 20.080353960779075 0.2917506466815416 0.94791918622546034 -0.3183017339634579 -0.011183388830991863 -0.0028555832629213918
40.372 32.654037930368808 20.172193998613476 0.29541249643181589 0.9439260842991255 -0.33003608311193477 -0.0082054280829110277 -0.0035216720216815966
40.479999999999997 32.954835599276329 20.253567350199777 0.29666105135295873 0.93922797166677208 -0.34315405150539746 -0.0090063427649141378 -0.0038729787183721049
40.591999999999999 33.259859682084269 20.327295383724163 0.29651472314267391 0.93371459135019796 -0.35789523034793319 -0.009148646512542994 -0.002090038497553369
40.700000000000003 33.539266227849808 20.394565735829246 0.29776766812056471 0.92676731381137889 -0.37560157290763257 -0.0044749073931154492 0.0024040973309233421
40.811999999999998 33.820479138413432 20.461065718505278 0.3013559556300297 0.91856717581402947 -0.39519167319229809 0.00066747558054353507 0.0075788807127978152
40.911999999999999 34.054293732174273 20.517659253351077 0.3051295369509382 0.90885653364087682 -0.41690909019767902 0.0077487698937860477 0.010323193980835551
41.020000000000003 34.286586043249734 20.569128911297081 0.3079774335981631 0.89739010896399785 -0.44078003245246861 0.013333353468413991 0.015039182493423649
41.131999999999998 34.493022885696881 20.622033905570877 0.30980905051928259 0.88132550399456921 -0.47160833639958649 0.019962226847783551 0.021270696895256135
41.240000000000002 34.663359467521047 20.678718926793465 0.31130905654419699 0.86355189192998993 -0.50280762384735767 0.026980672846217649 0.027104734602529029
41.340000000000003 34.805411600877676 20.735519930434588 0.31341579514178242 0.84949268559867719 -0.52565511564622924 0.031883426050515008 0.032129793845847049
41.451999999999998 34.947327046313326 20.796025557607937 0.31704854711254893 0.8387245736511133 -0.54223354962929893 0.036182091985026026 0.03485288266061657
41.560000000000002 35.074710341221376 20.855291426305516 0.32103209512788111 0.83235316874104093 -0.55173466868289756 0.037790387121710865 0.036727979815281184
41.671999999999997 35.196849777622027 20.915589086556537 0.32405787683833726 0.82835297154137122 -0.55769895449318629 0.037539965281529301 0.037336064367413782
41.780000000000001 35.307025180510593 20.970805060093138 0.32456404398216676 0.82476932529842906 -0.56318336611944808 0.035003107326157336 0.036808132941703563
41.880000000000003 35.404425798116833 21.01740100184556 0.32318512698504764 0.82007232080659509 -0.57037607932824208 0.030225332097316638 0.035198665835988567
41.991999999999997 35.502833384243367 21.063476629220784 0.32155378987450056 0.81379589207507508 -0.57979795474175089 0.024346855378684598 0.031269927281390567
42.100000000000001 35.590819125990777 21.103014168467595 0.3211069947987073 0.80723524245689837 -0.58932862250924012 0.018353783006131687 0.026947665506991604
42.212000000000003 35.674270500267596 21.140572172309014 0.32232073732042277 0.80073359256240895 -0.59846530031972278 0.012616990602300097 0.022490211280958801
42.32 35.750013492121873 21.173296127862045 0.32389833749164021 0.79505244109908624 -0.60621825684599462 0.0078822400258293703 0.018135910816980863
42.420000000000002 35.818727698839339 21.201320361989413 0.32472756535320602 0.79046710971022427 -0.6122964812352808 0.003604271390094318 0.015549172357482764
42.531999999999996 35.890423250066725 21.231040254355019 0.32513691101197245 0.78654569864646195 -0.61739966700372229 0.00021260716246073496 0.012785535680405089
42.640000000000001 35.956535948764177 21.258674185902535 0.32482395741414866 0.78354505047345169 -0.62122570363563612 -0.0026128910422925449 0.011355695547368094
42.752000000000002 36.01980808104657 21.286725187110701 0.3245080412958864 0.78124400925953574 -0.6241212800626369 -0.0044129459633087372 0.010533360194419741
42.859999999999999 36.076000069230858 21.312694470682437 0.32425312600069384 0.77924295784955167 -0.62662277435920877 -0.0053468820826173651 0.0097837696335748257
42.960000000000001 36.125457839647552 21.335887360782966 0.32401062211393794 0.77759668136155935 -0.62866485015809903 -0.0063056589774211384 0.0091731115791484717
43.072000000000003 36.176558895481612 21.360309416936783 0.32438909786028053 0.77616449773658347 -0.63043607336581342 -0.0066833897353003229 0.0086233493525599298
43.18 36.223921645667509 21.383495052196569 0.32513886549328902 0.77482215283722078 -0.63208159737357317 -0.0072072166458739054 0.0084582363755327534
43.292000000000002 36.27058609273611 21.407017477680842 0.32623901556282131 0.77330097600688452 -0.63393332105105238 -0.0078966001036529249 0.0084728197658596755
43.399999999999999 36.313832280253003 21.428770366386686 0.32681470779660704 0.77205289067684302 -0.63544556519093576 -0.0084705298576324434 0.0084568197705786694
43.5 36.352929934730696 21.448218305175171 0.3267016197874798 0.77076035691824607 -0.63700159098685483 -0.0091695792134147136 0.0085652846141236957
43.612000000000002 36.393342902334332 21.468554713649482 0.32665026795521113 0.7695177344196974 -0.63849541846160851 -0.0098079535957366019 0.0083582930897402284
43.719999999999999 36.430129690835571 21.487491403237307 0.32662599886842048 0.76841533679579055 -0.63982453676491402 -0.010054715131462378 0.0078316686726740449
43.832000000000001 36.46554229156979 21.506191488080106 0.32711564308947999 0.76737896411375428 -0.64106428438812157 -0.010370871542874301 0.0076520416286339817
43.939999999999998 36.497985510131201 21.523197292918155 0.3277344751446018 0.76647755345236213 -0.64213695636751456 -0.010796032446231681 0.0074655879985628315
44.039999999999999 36.527612305291228 21.538300204619361 0.3279764130317499 0.76559472164489406 -0.6431768037290917 -0.011379336823416844 0.0076702038932537501
44.152000000000001 36.558944694961191 21.554249169843885 0.32842255640604595 0.764686833164687 -0.64425345580807214 -0.011636526327989869 0.0074915364869098788
44.259999999999998 36.588270573325488 21.569257885499248 0.32865633362755053 0.76373926953031712 -0.64536638978312266 -0.012282965459489687 0.0073266551109867559
44.372 36.616892879928031 21.584135577592008 0.32891944292674036 0.76301345053524006 -0.6462183365850892 -0.012562207881301333 0.0073842194341800305
44.479999999999997 36.643027454288152 21.597773741165003 0.32898525258371136 0.76201296896954995 -0.64739458696205343 -0.012704082079035582 0.0074222768050711818
44.579999999999998 36.666560392692688 21.610004375639178 0.32890159927363299 0.76110107699538965 -0.64845691542604034 -0.01311069521633724 0.0075424865625056889
44.692 36.691054072189225 21.622881927623823 0.32920873491095548 0.76023671679279892 -0.64946738380137325 -0.013262441118176937 0.0075072947118273829
44.799999999999997 36.713715191450625 21.634918362031133 0.32957639710498837 0.75956509321410548 -0.65024947905138286 -0.013482844543788269 0.007395746551801168
44.911999999999999 36.736088297811357 21.646887585883814 0.33004602253101883 0.75893889618058075 -0.65096876587070274 -0.013946052239455151 0.0075448891249782534
45.020000000000003 36.756803380252563 21.657843079476216 0.33030686254458813 0.75839515637057942 -0.65159965499197536 -0.014080513627335442 0.007511028156741633
45.131999999999998 36.777898502360614 21.668869528763807 0.33053494103010994 0.75762575365610874 -0.6524871799964167 -0.01414128385199577 0.0079825702848015639
45.231999999999999 36.795670925616854 21.678172477936457 0.33016921428498092 0.75707641521894409 -0.65311908061152146 -0.014434124362212759 0.0079008932588327477
45.340000000000003 36.814159874156815 21.688082770737267 0.33008371850418555 0.75659348945573013 -0.65367697881049214 -0.014629223820632625 0.0076606068162163839
45.451999999999998 36.832142667249748 21.697842791825483 0.33026924295226723 0.75599287767857015 -0.65437445083045687 -0.014554363137161439 0.0075509941916027633
45.560000000000002 36.848558179125511 21.706672184489051 0.3304707340022377 0.75525902734874095 -0.65521700514283376 -0.014737910252213984 0.0075678121861352159
45.671999999999997 36.865187823105259 21.715502325727869 0.33092132256638862 0.75483005614242271 -0.65571067822649143 -0.014870529758314646 0.007345757175814367
45.771999999999998 36.879251354220123 21.722904615043472 0.33088342653603098 0.75421760603696286 -0.656411479930744 -0.015151065987470659 0.0070863924844607575
45.880000000000003 36.894011788870138 21.730713540804114 0.33104659621384674 0.75351803288989416 -0.65721130371727821 -0.015420004823099791 0.0067896853559566445
45.991999999999997 36.908640452480881 21.738384895023795 0.33127337863299611 0.75294236279691007 -0.65786902769818112 -0.015405968077804208 0.0069854741313204174
46.100000000000001 36.922020076823543 21.74551425743724 0.33127985236642998 0.75243301279832819 -0.65845608474251638 -0.015303823633909412 0.0067778093044126419
46.200000000000003 36.934115294960371 21.751967211264244 0.33107984342404739 0.75222413417751766 -0.65868815978243245 -0.015495612947579186 0.0069746758127811909
46.311999999999998 36.946772813900395 21.758853544762999 0.331253581051762 0.75168097796335531 -0.65930815452516112 -0.015559254883916915 0.0068098701995880908
46.420000000000002 36.958618517756712 21.765345940462996 0.33139334350461119 0.7513324114110812 -0.65970244218481722 -0.015625184816875328 0.0069389435819849857
46.531999999999996 36.970322613342788 21.771751149810864 0.33164783241687706 0.75075565579327308 -0.66035765053769602 -0.015638657613366011 0.0070107816109206012
46.640000000000001 36.981237759400393 21.777653153751121 0.33177575709073998 0.75028193991465564 -0.66089716977406243 -0.015628218896848723 0.006906547375140867
